12.2022 	198349 	1772459 	144 	 	สร 	
12.2022 	198349 	1773135 	2592 	 	สร 	
12.2022 	198349 	1773132 	12672 	 	สร 	
12.2022 	198349 	1772513 	864 	 	สร 	
12.2022 	198349 	1773007 	3168 	 	สร 	
12.2022 	198349 	1653681 	12000 	 	สร 	
12.2022 	198349 	1772987 	14448 	 	สร 	
12.2022 	198349 	1773129 	10896 	 	สร 	
12.2022 	198349 	3015072 	816 	 	สร 	
12.2022 	198349 	1653669 	48 	 	สร 	
12.2022 	198349 	1772706 	8640 	 	สร 	
12.2022 	198349 	3051127 	16992 	 	สร 	
12.2022 	198349 	3064773 	48 	 	สร 	
12.2022 	198349 	3064533 	864 	 	สร 	
12.2022 	198349 	3149273 	576 	 	สร 	
12.2022 	198349 	3149860 	2592 	 	สร 	
12.2022 	198349 	3149293 	12096 	 	สร 	
12.2022 	198349 	3149892 	5568 	 	สร 	
12.2022 	198349 	3149912 	6624 	 	สร 	
12.2022 	198349 	3150672 	288 	 	สร 	
12.2022 	198349 	3148648 	1440 	 	สร 	
12.2022 	198349 	3163042 	3744 	 	สร 	
12.2022 	198349 	3148628 	3984 	 	สร 	
12.2022 	198349 	3161473 	288 	 	สร 	
12.2022 	198349 	3173839 	864 	 	สร 	
12.2022 	198349 	3149926 	1440 	 	สร 	
12.2022 	198349 	3173879 	1440 	 	สร 	
12.2022 	198349 	3173874 	4320 	 	สร 	
12.2022 	198349 	3177175 	7728 	 	สร 	
12.2022 	198349 	3210428 	560,4 	 	สร 	
12.2022 	198349 	3206651 	4320 	 	สร 	
12.2022 	198349 	3255193 	288 	 	สร 	
12.2022 	198349 	3257615 	4032 	 	สร 	
12.2022 	198349 	3257474 	5472 	 	สร 	
12.2022 	198349 	3255198 	576 	 	สร 	
12.2022 	198349 	3255180 	864 	 	สร 	
12.2022 	198349 	3200388 	576 	 	สร 	
12.2022 	198349 	3257616 	1728 	 	สร 	
12.2022 	198349 	3409231 	1152 	 	สร 	
12.2022 	198349 	3257066 	1680 	 	สร 	
12.2022 	198349 	19443 	1909,2 	 	สร 	
12.2022 	198349 	19447 	21149,31 	 	สร 	
12.2022 	198349 	19196 	38166,66 	 	สร 	
12.2022 	198349 	19193 	272364,84 	 	สร 	
12.2022 	198349 	225279 	13040,76 	 	สร 	
12.2022 	198349 	19436 	7309,35 	 	สร 	
12.2022 	198349 	19186 	21014,4 	 	สร 	
12.2022 	198349 	19432 	448,8 	 	สร 	
12.2022 	198349 	19300 	1922,69 	 	สร 	
12.2022 	198349 	19299 	33381,9 	 	สร 	
12.2022 	198349 	189371 	535,05 	 	สร 	
12.2022 	198349 	19309 	12678,66 	 	สร 	
12.2022 	198349 	19306 	23165,625 	 	สร 	
12.2022 	198349 	1552345 	39,87 	 	สร 	
12.2022 	198349 	1552367 	1794,15 	 	สร 	
12.2022 	198349 	1552390 	17600,625 	 	สร 	
12.2022 	198349 	1595288 	180,6 	 	สร 	
12.2022 	198349 	1553213 	17423,19 	 	สร 	
12.2022 	198349 	1478461 	30,485 	 	สร 	
12.2022 	198349 	1606368 	445,725 	 	สร 	
12.2022 	198349 	1612617 	2370,035 	 	สร 	
12.2022 	198349 	1660838 	691,65 	 	สร 	
12.2022 	198349 	1722441 	235,17 	 	สร 	
12.2022 	198349 	1728064 	101239,2 	 	สร 	
12.2022 	198349 	1728066 	5926,5 	 	สร 	
12.2022 	198349 	1779669 	12,735 	 	สร 	
12.2022 	198349 	207480 	38,205 	 	สร 	
12.2022 	198349 	1712952 	457,275 	 	สร 	
12.2022 	198349 	3037346 	293,94 	 	สร 	
12.2022 	198349 	3045852 	315 	 	สร 	
12.2022 	198349 	3159985 	1806,3 	 	สร 	
12.2022 	198349 	1599942 	153,36 	 	สร 	
12.2022 	198349 	1558865 	291,39 	 	สร 	
12.2022 	198349 	3194698 	178,71 	 	สร 	
12.2022 	198349 	3190348 	296,01 	 	สร 	
12.2022 	198349 	227065 	4,445 	 	สร 	
12.2022 	198349 	3156672 	13,17 	 	สร 	
12.2022 	198349 	3347071 	86325,75 	 	สร 	
12.2022 	198349 	3347423 	13584,375 	 	สร 	
12.2022 	198349 	3347438 	598,05 	 	สร 	
12.2022 	198349 	3347447 	1179,9 	 	สร 	
12.2022 	198349 	3347069 	17929,05 	 	สร 	
12.2022 	198349 	3347068 	34452 	 	สร 	
12.2022 	198349 	3347418 	5987,415 	 	สร 	
12.2022 	198349 	227082 	287,1 	 	สร 	
12.2022 	198349 	3347416 	1185,3 	 	สร 	
12.2022 	198349 	227089 	239,22 	 	สร 	
12.2022 	198349 	1372207 	155,52 	 	สร 	
12.2022 	198349 	3152433 	444,72 	 	สร 	
12.2022 	198349 	3347421 	51,84 	 	สร 	
12.2022 	198349 	3355537 	25569,18 	 	สร 	
12.2022 	198349 	3347428 	590,625 	 	สร 	
12.2022 	198349 	3347429 	4558,47 	 	สร 	
12.2022 	198349 	1697778 	398,7 	 	สร 	
12.2022 	198349 	3190873 	13,29 	 	สร 	
12.2022 	198349 	1559930 	465,15 	 	สร 	
12.2022 	198349 	3416303 	820,755 	 	สร 	
12.2022 	198349 	3472601 	63311,625 	 	สร 	
12.2022 	198349 	3473193 	9962,55 	 	สร 	
12.2022 	198349 	1396895 	5126,86 	 	สร 	
12.2022 	198349 	225380 	232,18 	 	สร 	
12.2022 	198349 	225381 	766,26 	 	สร 	
12.2022 	198349 	1396894 	3416,1 	 	สร 	
12.2022 	198349 	3046442 	313,2 	 	สร 	
12.2022 	198349 	3046454 	719,96 	 	สร 	
12.2022 	198349 	3158548 	1934,3 	 	สร 	
12.2022 	198349 	1685797 	9592 	 	สร 	
12.2022 	198349 	1685790 	237,72 	 	สร 	
12.2022 	198349 	1686401 	87,4 	 	สร 	
12.2022 	198349 	3195784 	566,94 	 	สร 	
12.2022 	198349 	3233942 	47340,24 	 	สร 	
12.2022 	198349 	3233953 	403,2 	 	สร 	
12.2022 	198349 	3298439 	8769,6 	 	สร 	
12.2022 	198349 	3459264 	237,44 	 	สร 	
12.2022 	198349 	3462338 	1424,64 	 	สร 	
12.2022 	198349 	3356433 	496,72 	 	สร 	
12.2022 	198349 	2983 	258 	 	สร 	
12.2022 	198349 	18471 	29197 	 	สร 	
12.2022 	198349 	18461 	3612 	 	สร 	
12.2022 	198349 	18476 	60372 	 	สร 	
12.2022 	198349 	18466 	28251 	 	สร 	
12.2022 	198349 	19553 	1032 	 	สร 	
12.2022 	198349 	14917 	2580 	 	สร 	
12.2022 	198349 	14912 	11352 	 	สร 	
12.2022 	198349 	14907 	1290 	 	สร 	
12.2022 	198349 	14902 	3182 	 	สร 	
12.2022 	198349 	19497 	2150 	 	สร 	
12.2022 	198349 	19493 	6708 	 	สร 	
12.2022 	198349 	1552369 	21156 	 	สร 	
12.2022 	198349 	1552371 	12384 	 	สร 	
12.2022 	198349 	1595287 	9159 	 	สร 	
12.2022 	198349 	1552359 	34056 	 	สร 	
12.2022 	198349 	1553214 	2580 	 	สร 	
12.2022 	198349 	19542 	1806 	 	สร 	
12.2022 	198349 	14927 	10836 	 	สร 	
12.2022 	198349 	189507 	1548 	 	สร 	
12.2022 	198349 	19547 	7224 	 	สร 	
12.2022 	198349 	19440 	516 	 	สร 	
12.2022 	198349 	207465 	128986,872 	 	สร 	
12.2022 	198349 	196256 	13,632 	 	สร 	
12.2022 	198349 	19551 	10578,656 	 	สร 	
12.2022 	198349 	19545 	198,912 	 	สร 	
12.2022 	198349 	19540 	1944 	 	สร 	
12.2022 	198349 	19532 	8893,824 	 	สร 	
12.2022 	198349 	19195 	11378,88 	 	สร 	
12.2022 	198349 	19192 	22016,256 	 	สร 	
12.2022 	198349 	19438 	484,16 	 	สร 	
12.2022 	198349 	19435 	2992,224 	 	สร 	
12.2022 	198349 	19185 	18684,16 	 	สร 	
12.2022 	198349 	19431 	98,56 	 	สร 	
12.2022 	198349 	19465 	1463,424 	 	สร 	
12.2022 	198349 	19190 	32822,944 	 	สร 	
12.2022 	198349 	19188 	60593,76 	 	สร 	
12.2022 	198349 	189323 	584,64 	 	สร 	
12.2022 	198349 	1527924 	626,4 	 	สร 	
12.2022 	198349 	1774129 	148,544 	 	สร 	
12.2022 	198349 	227267 	556,944 	 	สร 	
12.2022 	198349 	227272 	6041,28 	 	สร 	
12.2022 	198349 	1518691 	285,264 	 	สร 	
12.2022 	198349 	1659920 	1900,8 	 	สร 	
12.2022 	198349 	1678991 	27,84 	 	สร 	
12.2022 	198349 	1681696 	269,12 	 	สร 	
12.2022 	198349 	1660834 	16504,56 	 	สร 	
12.2022 	198349 	1719017 	2517,12 	 	สร 	
12.2022 	198349 	1719025 	1915,2 	 	สร 	
12.2022 	198349 	1728063 	14440,32 	 	สร 	
12.2022 	198349 	1728065 	48676,32 	 	สร 	
12.2022 	198349 	1715021 	111,616 	 	สร 	
12.2022 	198349 	1542058 	517,408 	 	สร 	
12.2022 	198349 	227066 	640,32 	 	สร 	
12.2022 	198349 	1723524 	158,4 	 	สร 	
12.2022 	198349 	1625503 	1966,912 	 	สร 	
12.2022 	198349 	3037846 	161,664 	 	สร 	
12.2022 	198349 	3026406 	2430,72 	 	สร 	
12.2022 	198349 	3025732 	258,096 	 	สร 	
12.2022 	198349 	3091115 	40,704 	 	สร 	
12.2022 	198349 	3148675 	15808,38 	 	สร 	
12.2022 	198349 	3149270 	81,504 	 	สร 	
12.2022 	198349 	3149855 	2056,016 	 	สร 	
12.2022 	198349 	3149287 	7539,84 	 	สร 	
12.2022 	198349 	3149300 	1532,704 	 	สร 	
12.2022 	198349 	3149878 	313,536 	 	สร 	
12.2022 	198349 	3149902 	9158,4 	 	สร 	
12.2022 	198349 	3150665 	10739,82 	 	สร 	
12.2022 	198349 	3149925 	11782,752 	 	สร 	
12.2022 	198349 	1558864 	536,864 	 	สร 	
12.2022 	198349 	3141993 	479,232 	 	สร 	
12.2022 	198349 	3148631 	933,9 	 	สร 	
12.2022 	198349 	3148646 	2574,848 	 	สร 	
12.2022 	198349 	3149129 	135,84 	 	สร 	
12.2022 	198349 	3173837 	759,696 	 	สร 	
12.2022 	198349 	3173877 	2453,76 	 	สร 	
12.2022 	198349 	3173718 	437,84 	 	สร 	
12.2022 	198349 	3173872 	3024 	 	สร 	
12.2022 	198349 	3149909 	12862,464 	 	สร 	
12.2022 	198349 	3148657 	84435,84 	 	สร 	
12.2022 	198349 	3198119 	55,68 	 	สร 	
12.2022 	198349 	3148662 	465,664 	 	สร 	
12.2022 	198349 	3149263 	6724,08 	 	สร 	
12.2022 	198349 	3096051 	19331,856 	 	สร 	
12.2022 	198349 	3195944 	26,88 	 	สร 	
12.2022 	198349 	227072 	259,776 	 	สร 	
12.2022 	198349 	3284798 	488,448 	 	สร 	
12.2022 	198349 	3347019 	19418,4 	 	สร 	
12.2022 	198349 	3347415 	27182,88 	 	สร 	
12.2022 	198349 	3347054 	7603,2 	 	สร 	
12.2022 	198349 	3347067 	17315,84 	 	สร 	
12.2022 	198349 	3339232 	27,2 	 	สร 	
12.2022 	198349 	3270172 	1145,12 	 	สร 	
12.2022 	198349 	3347081 	1833,84 	 	สร 	
12.2022 	198349 	3347417 	33753,552 	 	สร 	
12.2022 	198349 	1384239 	54,784 	 	สร 	
12.2022 	198349 	1510373 	539,136 	 	สร 	
12.2022 	198349 	3152431 	404,608 	 	สร 	
12.2022 	198349 	1693660 	2349,2 	 	สร 	
12.2022 	198349 	3270178 	13,408 	 	สร 	
12.2022 	198349 	3289608 	340,168 	 	สร 	
12.2022 	198349 	1610384 	40,176 	 	สร 	
12.2022 	198349 	1595328 	1401,072 	 	สร 	
12.2022 	198349 	3347427 	624,24 	 	สร 	
12.2022 	198349 	3262111 	13,488 	 	สร 	
12.2022 	198349 	3190868 	141,28 	 	สร 	
12.2022 	198349 	3397396 	328,624 	 	สร 	
12.2022 	198349 	3365034 	745,632 	 	สร 	
12.2022 	198349 	186612 	68,48 	 	สร 	
12.2022 	198349 	19557 	311,872 	 	สร 	
12.2022 	198349 	1728070 	484,704 	 	สร 	
12.2022 	198349 	1668259 	184,288 	 	สร 	
12.2022 	198349 	1668255 	635,76 	 	สร 	
12.2022 	198349 	3416302 	373,152 	 	สร 	
12.2022 	198349 	3409230 	4381,44 	 	สร 	
12.2022 	198349 	3471800 	21550,88 	 	สร 	
12.2022 	198349 	1505351 	612,72 	 	สร 	
12.2022 	198349 	1705090 	6105,6 	 	สร 	
12.2022 	198349 	3030639 	380,352 	 	สร 	
12.2022 	198349 	3030643 	376,768 	 	สร 	
12.2022 	198349 	3046431 	476,56 	 	สร 	
12.2022 	198349 	3126652 	108,672 	 	สร 	
12.2022 	198349 	3127007 	231,68 	 	สร 	
12.2022 	198349 	3237628 	336 	 	สร 	
12.2022 	198349 	207464 	1640,268 	 	สร 	
12.2022 	198349 	196272 	685,008 	 	สร 	
12.2022 	198349 	191352 	41,328 	 	สร 	
12.2022 	198349 	3087518 	69,888 	 	สร 	
12.2022 	198349 	19445 	13046,964 	 	สร 	
12.2022 	198349 	19550 	3810,048 	 	สร 	
12.2022 	198349 	19543 	38542,752 	 	สร 	
12.2022 	198349 	19539 	4546,8 	 	สร 	
12.2022 	198349 	19531 	6208,896 	 	สร 	
12.2022 	198349 	19441 	258 	 	สร 	
12.2022 	198349 	19194 	20186,976 	 	สร 	
12.2022 	198349 	19191 	8570,016 	 	สร 	
12.2022 	198349 	1660844 	6592,32 	 	สร 	
12.2022 	198349 	19437 	6536,16 	 	สร 	
12.2022 	198349 	19434 	2802,576 	 	สร 	
12.2022 	198349 	19184 	4952,64 	 	สร 	
12.2022 	198349 	19430 	116,16 	 	สร 	
12.2022 	198349 	19189 	2561,328 	 	สร 	
12.2022 	198349 	19187 	7234,92 	 	สร 	
12.2022 	198349 	189502 	104,4 	 	สร 	
12.2022 	198349 	1607747 	6713,28 	 	สร 	
12.2022 	198349 	227263 	1792,239 	 	สร 	
12.2022 	198349 	227265 	5835,96 	 	สร 	
12.2022 	198349 	226376 	225,456 	 	สร 	
12.2022 	198349 	1599898 	162,816 	 	สร 	
12.2022 	198349 	1539503 	1626,24 	 	สร 	
12.2022 	198349 	1599895 	173,196 	 	สร 	
12.2022 	198349 	1610391 	402,948 	 	สร 	
12.2022 	198349 	1660840 	1950,48 	 	สร 	
12.2022 	198349 	1599878 	10,224 	 	สร 	
12.2022 	198349 	1612618 	102,12 	 	สร 	
12.2022 	198349 	1719024 	1342,656 	 	สร 	
12.2022 	198349 	1719027 	19093,536 	 	สร 	
12.2022 	198349 	3146924 	10,092 	 	สร 	
12.2022 	198349 	227081 	10,44 	 	สร 	
12.2022 	198349 	3201242 	2753,434 	 	สร 	
12.2022 	198349 	1560631 	75,684 	 	สร 	
12.2022 	198349 	1560628 	4079,556 	 	สร 	
12.2022 	198349 	1560622 	438,372 	 	สร 	
12.2022 	198349 	1505350 	27,232 	 	สร 	
12.2022 	198349 	1705133 	2401,92 	 	สร 	
12.2022 	198349 	3030638 	101,88 	 	สร 	
12.2022 	198349 	3030642 	232,116 	 	สร 	
12.2022 	198349 	3045370 	13,312 	 	สร 	
12.2022 	198349 	3046425 	571,872 	 	สร 	
12.2022 	198349 	3116850 	1202,472 	 	สร 	
12.2022 	198349 	3116836 	8049,24 	 	สร 	
12.2022 	198349 	3146166 	7481,76 	 	สร 	
12.2022 	198349 	3046439 	438,48 	 	สร 	
12.2022 	198349 	3158547 	938,556 	 	สร 	
12.2022 	198349 	1685794 	3212,448 	 	สร 	
12.2022 	198349 	1686043 	122,256 	 	สร 	
12.2022 	198349 	1686400 	94,392 	 	สร 	
12.2022 	198349 	3195783 	1443,12 	 	สร 	
12.2022 	198349 	3233940 	13926,996 	 	สร 	
12.2022 	198349 	3233937 	1833,84 	 	สร 	
12.2022 	198349 	3233952 	211,68 	 	สร 	
12.2022 	198349 	3233943 	5015,724 	 	สร 	
12.2022 	198349 	3233964 	231,84 	 	สร 	
12.2022 	198349 	3233950 	141,288 	 	สร 	
12.2022 	198349 	3257071 	1037,952 	 	สร 	
12.2022 	198349 	3298438 	60698,16 	 	สร 	
12.2022 	198349 	3355210 	3175,2 	 	สร 	
12.2022 	198349 	3355209 	4536 	 	สร 	
12.2022 	198349 	3355211 	10,08 	 	สร 	
12.2022 	198349 	3355212 	5806,08 	 	สร 	
12.2022 	198349 	3459261 	2198,016 	 	สร 	
12.2022 	198349 	3454594 	2300,4 	 	สร 	
12.2022 	198349 	3454599 	3680,64 	 	สร 	
12.2022 	198349 	1625490 	210,168 	 	สร 	
12.2022 	198349 	1664427 	141,616 	 	สร 	
12.2022 	198349 	1681692 	383,496 	 	สร 	
12.2022 	198349 	1719023 	14774,4 	 	สร 	
12.2022 	198349 	1719012 	1982,232 	 	สร 	
12.2022 	198349 	1728061 	35347,392 	 	สร 	
12.2022 	198349 	1659916 	1330,56 	 	สร 	
12.2022 	198349 	1723801 	255,6 	 	สร 	
12.2022 	198349 	1662099 	10,224 	 	สร 	
12.2022 	198349 	1728062 	11947,824 	 	สร 	
12.2022 	198349 	1693657 	161,088 	 	สร 	
12.2022 	198349 	1760510 	10,224 	 	สร 	
12.2022 	198349 	1660833 	5776,596 	 	สร 	
12.2022 	198349 	1660615 	3220,56 	 	สร 	
12.2022 	198349 	1599870 	30,564 	 	สร 	
12.2022 	198349 	3025728 	101,88 	 	สร 	
12.2022 	198349 	1723509 	30,564 	 	สร 	
12.2022 	198349 	3036257 	244,512 	 	สร 	
12.2022 	198349 	3116864 	1327,536 	 	สร 	
12.2022 	198349 	1664430 	1792,656 	 	สร 	
12.2022 	198349 	3133094 	191,78 	 	สร 	
12.2022 	198349 	3007276 	468,648 	 	สร 	
12.2022 	198349 	3148670 	1263,312 	 	สร 	
12.2022 	198349 	3149148 	683,353 	 	สร 	
12.2022 	198349 	3149286 	120,96 	 	สร 	
12.2022 	198349 	3149368 	121,536 	 	สร 	
12.2022 	198349 	3149867 	2729,808 	 	สร 	
12.2022 	198349 	3149900 	18276,096 	 	สร 	
12.2022 	198349 	3132619 	139,776 	 	สร 	
12.2022 	198349 	3041364 	89,856 	 	สร 	
12.2022 	198349 	1558863 	964,236 	 	สร 	
12.2022 	198349 	3177114 	1068,288 	 	สร 	
12.2022 	198349 	3148644 	133,536 	 	สร 	
12.2022 	198349 	3148630 	173,196 	 	สร 	
12.2022 	198349 	3149924 	130,104 	 	สร 	
12.2022 	198349 	3150233 	20,376 	 	สร 	
12.2022 	198349 	3148620 	143,136 	 	สร 	
12.2022 	198349 	3173878 	541,872 	 	สร 	
12.2022 	198349 	3150660 	1719,72 	 	สร 	
12.2022 	198349 	3173719 	221,446 	 	สร 	
12.2022 	198349 	3173866 	2832,48 	 	สร 	
12.2022 	198349 	3149910 	5495,04 	 	สร 	
12.2022 	198349 	3194078 	182,988 	 	สร 	
12.2022 	198349 	3040217 	26,04 	 	สร 	
12.2022 	198349 	3149264 	2200,608 	 	สร 	
12.2022 	198349 	1702475 	565,152 	 	สร 	
12.2022 	198349 	3284794 	61,128 	 	สร 	
12.2022 	198349 	3347049 	33264 	 	สร 	
12.2022 	198349 	3347053 	3364,2 	 	สร 	
12.2022 	198349 	1510371 	248,832 	 	สร 	
12.2022 	198349 	3347072 	2601,984 	 	สร 	
12.2022 	198349 	1372222 	61,632 	 	สร 	
12.2022 	198349 	3253246 	275,4 	 	สร 	
12.2022 	198349 	3253264 	163,2 	 	สร 	
12.2022 	198349 	3262105 	172,992 	 	สร 	
12.2022 	198349 	3190869 	625,164 	 	สร 	
12.2022 	198349 	3347426 	1903,932 	 	สร 	
12.2022 	198349 	3288804 	10,116 	 	สร 	
12.2022 	198349 	3270168 	404,16 	 	สร 	
12.2022 	198349 	3270169 	255,6 	 	สร 	
12.2022 	198349 	3096046 	150,024 	 	สร 	
12.2022 	198349 	3195932 	425,376 	 	สร 	
12.2022 	198349 	3194693 	52,32 	 	สร 	
12.2022 	198349 	3134038 	165,696 	 	สร 	
12.2022 	198349 	3356418 	72,576 	 	สร 	
12.2022 	198349 	3205479 	5422,32 	 	สร 	
12.2022 	198349 	3201826 	161,856 	 	สร 	
12.2022 	198349 	19556 	7857,048 	 	สร 	
12.2022 	198349 	3194083 	669,816 	 	สร 	
12.2022 	198349 	1668258 	765,504 	 	สร 	
12.2022 	198349 	1697785 	149,688 	 	สร 	
12.2022 	198349 	3416301 	172,224 	 	สร 	
12.2022 	198349 	3347424 	7367,976 	 	สร 	
12.2022 	198349 	3409225 	3719,52 	 	สร 	
12.2022 	198349 	3471798 	29760,9 	 	สร 	
12.2022 	198349 	3473187 	40884,48 	 	สร 	
12.2022 	198349 	19492 	83930 	 	สร 	
12.2022 	198349 	3052005 	11625,6 	 	สร 	
12.2022 	198349 	3052069 	395,6 	 	สร 	
12.2022 	198349 	3052073 	66360 	 	สร 	
12.2022 	198349 	3052072 	5880 	 	สร 	
12.2022 	198349 	3052075 	6814,5 	 	สร 	
12.2022 	198349 	3051178 	20527,5 	 	สร 	
12.2022 	198349 	3051180 	29010,3 	 	สร 	
12.2022 	198349 	3051176 	2520 	 	สร 	
12.2022 	198349 	19496 	15292,8 	 	สร 	
12.2022 	198349 	3088799 	1699,2 	 	สร 	
12.2022 	198349 	103814 	854,4 	 	สร 	
12.2022 	198349 	19453 	8635,9 	 	สร 	
12.2022 	198349 	3052087 	4896 	 	สร 	
12.2022 	198349 	19456 	626,4 	 	สร 	
12.2022 	198349 	17366 	5068,8 	 	สร 	
12.2022 	198349 	17363 	21019,2 	 	สร 	
12.2022 	198349 	17364 	2587,2 	 	สร 	
12.2022 	198349 	19533 	1365 	 	สร 	
12.2022 	198349 	19546 	13563,6 	 	สร 	
12.2022 	198349 	19541 	1782 	 	สร 	
12.2022 	198349 	19552 	1728 	 	สร 	
12.2022 	198349 	18475 	7213,7 	 	สร 	
12.2022 	198349 	18460 	300,9 	 	สร 	
12.2022 	198349 	18470 	11044,8 	 	สร 	
12.2022 	198349 	3051150 	35,8 	 	สร 	
12.2022 	198349 	3122220 	4218,6 	 	สร 	
12.2022 	198349 	3052078 	340 	 	สร 	
12.2022 	198349 	3052084 	713,4 	 	สร 	
12.2022 	198349 	17367 	2534,4 	 	สร 	
12.2022 	198349 	19466 	498,4 	 	สร 	
12.2022 	198349 	3237078 	768,2 	 	สร 	
12.2022 	198349 	3180980 	212,4 	 	สร 	
12.2022 	198349 	3300038 	717,5 	 	สร 	
12.2022 	198349 	3298725 	2989,6 	 	สร 	
12.2022 	198349 	3300030 	66,4 	 	สร 	
12.2022 	198349 	3298756 	364,8 	 	สร 	
12.2022 	198349 	3299248 	5531,1 	 	สร 	
12.2022 	198349 	3298729 	3202,5 	 	สร 	
12.2022 	198349 	3180982 	190,3 	 	สร 	
12.2022 	198349 	3298876 	152,6 	 	สร 	
12.2022 	198349 	3205476 	5947,2 	 	สร 	
12.2022 	198349 	3182210 	5126,4 	 	สร 	
12.2022 	198349 	3181225 	1252,8 	 	สร 	
12.2022 	198349 	3183469 	6758,4 	 	สร 	
12.2022 	198349 	3312836 	3308,9 	 	สร 	
12.2022 	198349 	3182205 	178 	 	สร 	
12.2022 	198349 	3298705 	90 	 	สร 	
12.2022 	198349 	3378371 	2941,2 	 	สร 	
12.2022 	198349 	3052001 	5155,2 	 	สร 	
12.2022 	198349 	3298987 	82,5 	 	สร 	
12.2022 	198349 	17436 	1424 	 	สร 	
12.2022 	198349 	1498198 	6643,2 	 	สร 	
12.2022 	198349 	3189002 	66,8 	 	สร 	
12.2022 	198349 	3472615 	2687,1 	 	สร 	
12.2022 	198349 	3182464 	8400 	 	สร 	
12.2022 	198349 	3189410 	192,5 	 	สร 	
12.2022 	198349 	18477 	137085 	 	สร 	
12.2022 	198349 	18467 	86210 	 	สร 	
12.2022 	198349 	17612 	1480 	 	สร 	
12.2022 	198349 	19549 	65120 	 	สร 	
12.2022 	198349 	17775 	24790 	 	สร 	
12.2022 	198349 	1561235 	925 	 	สร 	
12.2022 	198349 	1561243 	1480 	 	สร 	
12.2022 	198349 	103813 	17575 	 	สร 	
12.2022 	198349 	227323 	94140 	 	สร 	
12.2022 	198349 	1654943 	370 	 	สร 	
12.2022 	198349 	16267 	370 	 	สร 	
12.2022 	198349 	11631 	370 	 	สร 	
12.2022 	198349 	3127005 	3145 	 	สร 	
12.2022 	198349 	3127012 	740 	 	สร 	
12.2022 	198349 	3118559 	2775 	 	สร 	
12.2022 	198349 	3118564 	2405 	 	สร 	
12.2022 	198349 	3125869 	420 	 	สร 	
12.2022 	198349 	3152430 	182 	 	สร 	
12.2022 	198349 	3170707 	30895 	 	สร 	
12.2022 	198349 	3122222 	3600 	 	สร 	
12.2022 	198349 	3189075 	205 	 	สร 	
12.2022 	198349 	3144277 	10535 	 	สร 	
12.2022 	198349 	3197440 	4620 	 	สร 	
12.2022 	198349 	3298727 	5920 	 	สร 	
12.2022 	198349 	3299246 	10175 	 	สร 	
12.2022 	198349 	3298720 	7800 	 	สร 	
12.2022 	198349 	3360222 	185 	 	สร 	
12.2022 	198349 	3312833 	1025 	 	สร 	
12.2022 	198349 	3298702 	11730 	 	สร 	
12.2022 	198349 	3378367 	23680 	 	สร 	
12.2022 	198349 	3378362 	8880 	 	สร 	
12.2022 	198349 	3378359 	11840 	 	สร 	
12.2022 	198349 	3378365 	275280 	 	สร 	
12.2022 	198349 	3010474 	2194,8 	 	สร 	
12.2022 	198349 	3298870 	1100 	 	สร 	
12.2022 	198349 	11640 	52200 	 	สร 	
12.2022 	198349 	3018 	540 	 	สร 	
12.2022 	198349 	18472 	14760 	 	สร 	
12.2022 	198349 	18462 	2520 	 	สร 	
12.2022 	198349 	19538 	13500 	 	สร 	
12.2022 	198349 	19529 	1980 	 	สร 	
12.2022 	198349 	227339 	10260 	 	สร 	
12.2022 	198349 	14928 	180 	 	สร 	
12.2022 	198349 	14913 	73260 	 	สร 	
12.2022 	198349 	14898 	720 	 	สร 	
12.2022 	198349 	19455 	22860 	 	สร 	
12.2022 	198349 	207461 	21080 	 	สร 	
12.2022 	198349 	196179 	6800 	 	สร 	
12.2022 	198349 	1407621 	6480 	 	สร 	
12.2022 	198349 	227325 	196200 	 	สร 	
12.2022 	198349 	196770 	8280 	 	สร 	
12.2022 	198349 	220687 	360 	 	สร 	
12.2022 	198349 	2260 	7020 	 	สร 	
12.2022 	198349 	1990 	540 	 	สร 	
12.2022 	198349 	11734 	16560 	 	สร 	
12.2022 	198349 	2256 	13500 	 	สร 	
12.2022 	198349 	2253 	206820 	 	สร 	
12.2022 	198349 	227280 	1440 	 	สร 	
12.2022 	198349 	3040137 	23290 	 	สร 	
12.2022 	198349 	1625497 	340 	 	สร 	
12.2022 	198349 	1538794 	510 	 	สร 	
12.2022 	198349 	1599897 	10200 	 	สร 	
12.2022 	198349 	1644761 	25160 	 	สร 	
12.2022 	198349 	1599892 	12070 	 	สร 	
12.2022 	198349 	17523 	9000 	 	สร 	
12.2022 	198349 	1599880 	340 	 	สร 	
12.2022 	198349 	1664421 	20400 	 	สร 	
12.2022 	198349 	1664425 	340 	 	สร 	
12.2022 	198349 	1693662 	13940 	 	สร 	
12.2022 	198349 	1705130 	4080 	 	สร 	
12.2022 	198349 	1705091 	3006 	 	สร 	
12.2022 	198349 	1664432 	340 	 	สร 	
12.2022 	198349 	1702477 	340 	 	สร 	
12.2022 	198349 	1462833 	4320 	 	สร 	
12.2022 	198349 	1475218 	360 	 	สร 	
12.2022 	198349 	3030631 	680 	 	สร 	
12.2022 	198349 	3030633 	2720 	 	สร 	
12.2022 	198349 	3033622 	510 	 	สร 	
12.2022 	198349 	14918 	1080 	 	สร 	
12.2022 	198349 	3036267 	10880 	 	สร 	
12.2022 	198349 	3040983 	1870 	 	สร 	
12.2022 	198349 	3033624 	720 	 	สร 	
12.2022 	198349 	3014383 	175 	 	สร 	
12.2022 	198349 	3033626 	4140 	 	สร 	
12.2022 	198349 	3040117 	15640 	 	สร 	
12.2022 	198349 	3007275 	510 	 	สร 	
12.2022 	198349 	3037327 	350 	 	สร 	
12.2022 	198349 	3052066 	170 	 	สร 	
12.2022 	198349 	3048582 	2380 	 	สร 	
12.2022 	198349 	3051795 	175 	 	สร 	
12.2022 	198349 	3076048 	680 	 	สร 	
12.2022 	198349 	3048583 	350 	 	สร 	
12.2022 	198349 	3048591 	340 	 	สร 	
12.2022 	198349 	3088669 	349,2 	 	สร 	
12.2022 	198349 	3083049 	1400 	 	สร 	
12.2022 	198349 	3096096 	698,8 	 	สร 	
12.2022 	198349 	3126656 	2975 	 	สร 	
12.2022 	198349 	3126671 	1260 	 	สร 	
12.2022 	198349 	3076049 	340 	 	สร 	
12.2022 	198349 	3129165 	45180 	 	สร 	
12.2022 	198349 	3118562 	2880 	 	สร 	
12.2022 	198349 	3138106 	1566 	 	สร 	
12.2022 	198349 	3149271 	19380 	 	สร 	
12.2022 	198349 	3149864 	2720 	 	สร 	
12.2022 	198349 	3149291 	10200 	 	สร 	
12.2022 	198349 	3149388 	1020 	 	สร 	
12.2022 	198349 	3149895 	13600 	 	สร 	
12.2022 	198349 	3149913 	10030 	 	สร 	
12.2022 	198349 	3150669 	340 	 	สร 	
12.2022 	198349 	3158545 	18096 	 	สร 	
12.2022 	198349 	3148649 	6300 	 	สร 	
12.2022 	198349 	1475202 	180 	 	สร 	
12.2022 	198349 	3158553 	170 	 	สร 	
12.2022 	198349 	3173732 	170 	 	สร 	
12.2022 	198349 	3148640 	5270 	 	สร 	
12.2022 	198349 	227349 	720 	 	สร 	
12.2022 	198349 	1543274 	1440 	 	สร 	
12.2022 	198349 	3148625 	17680 	 	สร 	
12.2022 	198349 	3149133 	7990 	 	สร 	
12.2022 	198349 	3165786 	2520 	 	สร 	
12.2022 	198349 	3094161 	5084,8 	 	สร 	
12.2022 	198349 	3149927 	4080 	 	สร 	
12.2022 	198349 	3173880 	1400 	 	สร 	
12.2022 	198349 	3173841 	510 	 	สร 	
12.2022 	198349 	3173721 	1530 	 	สร 	
12.2022 	198349 	3173873 	2720 	 	สร 	
12.2022 	198349 	3195785 	340 	 	สร 	
12.2022 	198349 	3210425 	180264 	 	สร 	
12.2022 	198349 	3214738 	680 	 	สร 	
12.2022 	198349 	3210419 	27584 	 	สร 	
12.2022 	198349 	3237625 	360 	 	สร 	
12.2022 	198349 	3188247 	340 	 	สร 	
12.2022 	198349 	3201872 	1360 	 	สร 	
12.2022 	198349 	3219732 	2160 	 	สร 	
12.2022 	198349 	3007273 	170 	 	สร 	
12.2022 	198349 	3263263 	16500 	 	สร 	
12.2022 	198349 	3037328 	170 	 	สร 	
12.2022 	198349 	3262387 	2700 	 	สร 	
12.2022 	198349 	3255207 	350 	 	สร 	
12.2022 	198349 	3237067 	170 	 	สร 	
12.2022 	198349 	3265635 	173,8 	 	สร 	
12.2022 	198349 	3267259 	5600 	 	สร 	
12.2022 	198349 	3300036 	26820 	 	สร 	
12.2022 	198349 	3265636 	524,1 	 	สร 	
12.2022 	198349 	3300018 	20125 	 	สร 	
12.2022 	198349 	3267262 	700 	 	สร 	
12.2022 	198349 	3200389 	170 	 	สร 	
12.2022 	198349 	3200386 	1020 	 	สร 	
12.2022 	198349 	3358028 	7902,8 	 	สร 	
12.2022 	198349 	3240861 	350 	 	สร 	
12.2022 	198349 	3141997 	1050 	 	สร 	
12.2022 	198349 	3355393 	26600 	 	สร 	
12.2022 	198349 	3298997 	6765 	 	สร 	
12.2022 	198349 	3205482 	544,8 	 	สร 	
12.2022 	198349 	202140 	2880 	 	สร 	
12.2022 	198349 	3380347 	21080 	 	สร 	
12.2022 	198349 	3380344 	340 	 	สร 	
12.2022 	198349 	3298990 	3795 	 	สร 	
12.2022 	198349 	3141996 	525 	 	สร 	
12.2022 	198349 	3413029 	4080 	 	สร 	
12.2022 	198349 	3378118 	4500 	 	สร 	
12.2022 	198349 	3378369 	18550 	 	สร 	
12.2022 	198349 	3298985 	1155 	 	สร 	
12.2022 	198349 	3299250 	1650 	 	สร 	
12.2022 	198349 	3299255 	495 	 	สร 	
12.2022 	198349 	1612456 	6290 	 	สร 	
12.2022 	198349 	1629494 	7020 	 	สร 	
12.2022 	198349 	3300028 	510 	 	สร 	
12.2022 	198349 	3300010 	1530 	 	สร 	
12.2022 	198349 	3415849 	3060 	 	สร 	
12.2022 	198349 	3300032 	1225 	 	สร 	
12.2022 	198349 	3416020 	4760 	 	สร 	
12.2022 	198349 	1395794 	15840 	 	สร 	
12.2022 	198349 	3418660 	4025 	 	สร 	
12.2022 	198349 	3416025 	31620 	 	สร 	
12.2022 	198349 	3414067 	1870 	 	สร 	
12.2022 	198349 	3455539 	216300 	 	สร 	
12.2022 	198349 	3469744 	16320 	 	สร 	
12.2022 	198349 	3454593 	9800 	 	สร 	
12.2022 	198349 	3466081 	6650 	 	สร 	
12.2022 	198349 	3469018 	6800 	 	สร 	
12.2022 	198349 	13538 	1700 	 	สร 	
12.2022 	198349 	3136530 	26100 	 	สร 	
12.2022 	198349 	3255236 	6400 	 	สร 	
12.2022 	198349 	1559765 	19550 	 	สร 	
12.2022 	198349 	3300037 	1700 	 	สร 	
12.2022 	198349 	3298710 	3150 	 	สร 	
12.2022 	198349 	3298994 	750 	 	สร 	
01.12.2022 	198349 	3197440 	5460 	 	สร 	
01.12.2022 	198349 	2256 	38160 	 	สร 	
01.12.2022 	198349 	3300032 	875 	 	สร 	
01.12.2022 	198349 	3136530 	6090 	 	สร 	
02.12.2022 	198349 	1773324 	5760 	 	สร 	
02.12.2022 	198349 	1773237 	7200 	 	สร 	
02.12.2022 	198349 	3347073 	88426,8 	 	สร 	
02.12.2022 	198349 	19549 	17575 	 	สร 	
02.12.2022 	198349 	3144277 	4945 	 	สร 	
02.12.2022 	198349 	3298720 	5000 	 	สร 	
02.12.2022 	198349 	14913 	34560 	 	สร 	
02.12.2022 	198349 	3048591 	13940 	 	สร 	
02.12.2022 	198349 	3148640 	4760 	 	สร 	
02.12.2022 	198349 	1336768 	48450 	 	สร 	
03.12.2022 	198349 	1773237 	15840 	 	สร 	
03.12.2022 	198349 	1773014 	1152 	 	สร 	
03.12.2022 	198349 	19190 	20937,84 	 	สร 	
03.12.2022 	198349 	3347019 	56376 	 	สร 	
03.12.2022 	198349 	3347073 	19514,88 	 	สร 	
03.12.2022 	198349 	3197440 	5040 	 	สร 	
03.12.2022 	198349 	3298720 	5200 	 	สร 	
03.12.2022 	198349 	1538794 	5100 	 	สร 	
03.12.2022 	198349 	1462833 	6300 	 	สร 	
03.12.2022 	198349 	3240861 	30800 	 	สร 	
03.12.2022 	198349 	3136530 	5220 	 	สร 	
03.12.2022 	198349 	227266 	17000 	 	สร 	
04.12.2022 	198349 	1772472 	2304 	 	สร 	
04.12.2022 	198349 	19188 	107114,4 	 	สร 	
04.12.2022 	198349 	19492 	40390 	 	สร 	
04.12.2022 	198349 	3170707 	3700 	 	สร 	
04.12.2022 	198349 	1612622 	17680 	 	สร 	
04.12.2022 	198349 	3007273 	6800 	 	สร 	
04.12.2022 	198349 	3300018 	4900 	 	สร 	
04.12.2022 	198349 	3372350 	4025 	 	สร 	
04.12.2022 	198349 	3409235 	2100 	 	สร 	
05.12.2022 	198349 	1773132 	864 	 	สร 	
05.12.2022 	198349 	3148633 	25920 	 	สร 	
05.12.2022 	198349 	19493 	28380 	 	สร 	
05.12.2022 	198349 	19497 	12642 	 	สร 	
05.12.2022 	198349 	19188 	5206,08 	 	สร 	
05.12.2022 	198349 	19465 	35193,216 	 	สร 	
05.12.2022 	198349 	19431 	6336 	 	สร 	
05.12.2022 	198349 	19545 	10229,76 	 	สร 	
05.12.2022 	198349 	1719026 	10229,76 	 	สร 	
05.12.2022 	198349 	19191 	34939,296 	 	สร 	
05.12.2022 	198349 	1728061 	10547,712 	 	สร 	
05.12.2022 	198349 	3170707 	4810 	 	สร 	
05.12.2022 	198349 	3298720 	5000 	 	สร 	
05.12.2022 	198349 	227283 	3400 	 	สร 	
05.12.2022 	198349 	1644761 	6120 	 	สร 	
05.12.2022 	198349 	207461 	4080 	 	สร 	
05.12.2022 	198349 	3007273 	9520 	 	สร 	
05.12.2022 	198349 	3266128 	7200 	 	สร 	
05.12.2022 	198349 	3380344 	9860 	 	สร 	
05.12.2022 	198349 	3461369 	27284,4 	 	สร 	
05.12.2022 	198349 	1336768 	850 	 	สร 	
12.2022 	198349 	134322 	1032 	 	สร 	
12.2022 	198349 	135344 	2160 	 	สร 	
12.2022 	198349 	160039 	1320 	 	สร 	
12.2022 	198349 	227381 	3740 	 	สร 	
12.2022 	198349 	227118 	3582 	 	สร 	
12.2022 	198349 	135272 	588 	 	สร 	
12.2022 	198349 	227382 	9020 	 	สร 	
12.2022 	198349 	227387 	358 	 	สร 	
12.2022 	198349 	227386 	2240 	 	สร 	
12.2022 	198349 	227384 	2160 	 	สร 	
12.2022 	198349 	227385 	7920 	 	สร 	
12.2022 	198349 	227396 	30 	 	สร 	
12.2022 	198349 	227395 	560 	 	สร 	
12.2022 	198349 	227374 	720 	 	สร 	
12.2022 	198349 	227392 	451,999999999999 	 	สร 	
12.2022 	198349 	227391 	2885 	 	สร 	
12.2022 	198349 	227390 	8600 	 	สร 	
12.2022 	198349 	227389 	5280 	 	สร 	
12.2022 	198349 	1338294 	1299,48 	 	สร 	
12.2022 	198349 	1338805 	1433,25 	 	สร 	
12.2022 	198349 	1338295 	3928,47 	 	สร 	
12.2022 	198349 	1339420 	1764,945 	 	สร 	
12.2022 	198349 	1390003 	9043,84 	 	สร 	
12.2022 	198349 	1390004 	10565,64 	 	สร 	
12.2022 	198349 	157569 	2100 	 	สร 	
12.2022 	198349 	203951 	540 	 	สร 	
12.2022 	198349 	203955 	720 	 	สร 	
12.2022 	198349 	1595329 	43,35 	 	สร 	
12.2022 	198349 	1559876 	648 	 	สร 	
12.2022 	198349 	193127 	4760 	 	สร 	
12.2022 	198349 	1454963 	864 	 	สร 	
12.2022 	198349 	3009 	740 	 	สร 	
12.2022 	198349 	186612 	1670,912 	 	สร 	
12.2022 	198349 	204759 	510 	 	สร 	
12.2022 	198349 	1449144 	12240 	 	สร 	
12.2022 	198349 	17427 	1296 	 	สร 	
12.2022 	198349 	1671320 	170 	 	สร 	
12.2022 	198349 	17424 	5270 	 	สร 	
12.2022 	198349 	17416 	2040 	 	สร 	
12.2022 	198349 	18718 	2550 	 	สร 	
12.2022 	198349 	1685732 	170 	 	สร 	
12.2022 	198349 	17799 	15840 	 	สร 	
12.2022 	198349 	1705116 	351,52 	 	สร 	
12.2022 	198349 	19117 	5400 	 	สร 	
12.2022 	198349 	1605488 	754,4 	 	สร 	
12.2022 	198349 	1721199 	1400 	 	สร 	
12.2022 	198349 	187770 	690 	 	สร 	
12.2022 	198349 	157578 	1225 	 	สร 	
12.2022 	198349 	1605208 	680 	 	สร 	
12.2022 	198349 	18107 	720 	 	สร 	
12.2022 	198349 	17337 	8500 	 	สร 	
12.2022 	198349 	19006 	18020 	 	สร 	
12.2022 	198349 	17800 	18 	 	สร 	
12.2022 	198349 	143936 	925 	 	สร 	
12.2022 	198349 	1672981 	340 	 	สร 	
12.2022 	198349 	1758956 	9180 	 	สร 	
12.2022 	198349 	3037906 	720 	 	สร 	
12.2022 	198349 	3030946 	2890 	 	สร 	
12.2022 	198349 	186607 	359,52 	 	สร 	
12.2022 	198349 	3034009 	700 	 	สร 	
12.2022 	198349 	1670489 	317,408 	 	สร 	
12.2022 	198349 	3112048 	35,91 	 	สร 	
12.2022 	198349 	3099319 	6300 	 	สร 	
12.2022 	198349 	1719099 	5760 	 	สร 	
12.2022 	198349 	3097259 	915,46 	 	สร 	
12.2022 	198349 	1721029 	4500 	 	สร 	
12.2022 	198349 	1748233 	648 	 	สร 	
12.2022 	198349 	3005254 	816 	 	สร 	
12.2022 	198349 	3048564 	880 	 	สร 	
12.2022 	198349 	1714804 	276 	 	สร 	
12.2022 	198349 	3095273 	330 	 	สร 	
12.2022 	198349 	3187431 	2505,6 	 	สร 	
12.2022 	198349 	3096169 	600 	 	สร 	
12.2022 	198349 	3186387 	840 	 	สร 	
12.2022 	198349 	3186390 	830,4 	 	สร 	
12.2022 	198349 	3180974 	3302,4 	 	สร 	
12.2022 	198349 	187781 	900 	 	สร 	
12.2022 	198349 	3126871 	1080 	 	สร 	
12.2022 	198349 	1659729 	880 	 	สร 	
12.2022 	198349 	3099145 	678,96 	 	สร 	
12.2022 	198349 	3099062 	678,96 	 	สร 	
12.2022 	198349 	3182220 	801,6 	 	สร 	
12.2022 	198349 	3099045 	2157,84 	 	สร 	
12.2022 	198349 	3212545 	1800 	 	สร 	
12.2022 	198349 	3212568 	138,6 	 	สร 	
12.2022 	198349 	1755381 	900 	 	สร 	
12.2022 	198349 	3214760 	4320 	 	สร 	
12.2022 	198349 	3186522 	34,2 	 	สร 	
12.2022 	198349 	193664 	480 	 	สร 	
12.2022 	198349 	3059 	370 	 	สร 	
12.2022 	198349 	19188 	626,4 	 	สร 	
12.2022 	198349 	3237632 	175 	 	สร 	
12.2022 	198349 	11734 	180 	 	สร 	
12.2022 	198349 	3167334 	430,5 	 	สร 	
12.2022 	198349 	3167330 	431,74 	 	สร 	
12.2022 	198349 	3099114 	632,16 	 	สร 	
12.2022 	198349 	3126865 	2400 	 	สร 	
12.2022 	198349 	3037288 	175 	 	สร 	
12.2022 	198349 	3212542 	880 	 	สร 	
12.2022 	198349 	3052007 	2366,4 	 	สร 	
12.2022 	198349 	3052069 	2476,8 	 	สร 	
12.2022 	198349 	227325 	900 	 	สร 	
12.2022 	198349 	3131847 	92,232 	 	สร 	
12.2022 	198349 	1620696 	1360 	 	สร 	
12.2022 	198349 	3099152 	129,944 	 	สร 	
12.2022 	198349 	3347425 	3614,88 	 	สร 	
12.2022 	198349 	3189410 	52,5 	 	สร 	
12.2022 	198349 	3183469 	651,2 	 	สร 	
12.2022 	198349 	1662608 	340 	 	สร 	
12.2022 	198349 	19023 	1700 	 	สร 	
12.2022 	198349 	17422 	2040 	 	สร 	
12.2022 	198349 	3435821 	13300 	 	สร 	
12.2022 	198349 	19010 	38080 	 	สร 	
12.2022 	198349 	3437448 	19720 	 	สร 	
12.2022 	198349 	3395345 	11900 	 	สร 	
12.2022 	198349 	19013 	6120 	 	สร 	
12.2022 	198349 	17820 	2592 	 	สร 	
12.2022 	198349 	201553 	2880 	 	สร 	
12.2022 	198349 	201559 	5440 	 	สร 	
12.2022 	198349 	13104 	777,6 	 	สร 	
12.2022 	198349 	3386128 	700 	 	สร 	
12.2022 	198349 	17418 	14960 	 	สร 	
12.2022 	198349 	17420 	14960 	 	สร 	
12.2022 	198349 	3444454 	9690 	 	สร 	
12.2022 	198349 	3452063 	65132,6 	 	สร 	
12.2022 	198349 	3452425 	20934,6 	 	สร 	
12.2022 	198349 	3449068 	32000 	 	สร 	
12.2022 	198349 	3373956 	9800 	 	สร 	
12.2022 	198349 	3449065 	12000 	 	สร 	
12.2022 	198349 	3450817 	80000 	 	สร 	
12.2022 	198349 	19455 	180 	 	สร 	
12.2022 	198349 	1600685 	340 	 	สร 	
12.2022 	198349 	3456353 	4177,08 	 	สร 	
12.2022 	198349 	1678818 	31620 	 	สร 	
12.2022 	198349 	3265635 	22304 	 	สร 	
12.2022 	198349 	3457046 	29170,68 	 	สร 	
12.2022 	198349 	3457357 	14499,24 	 	สร 	
12.2022 	198349 	1721699 	7200 	 	สร 	
12.2022 	198349 	3257066 	864 	 	สร 	
12.2022 	198349 	3431099 	182 	 	สร 	
12.2022 	198349 	3431101 	20313 	 	สร 	
12.2022 	198349 	3457299 	25,5 	 	สร 	
12.2022 	198349 	1721004 	15840 	 	สร 	
12.2022 	198349 	3448703 	23000 	 	สร 	
12.2022 	198349 	3431096 	4440 	 	สร 	
12.2022 	198349 	3465198 	2206,62 	 	สร 	
12.2022 	198349 	3464374 	70433,9 	 	สร 	
12.2022 	198349 	3457360 	61303,2 	 	สร 	
12.2022 	198349 	3445085 	880 	 	สร 	
12.2022 	198349 	3446491 	12320 	 	สร 	
12.2022 	198349 	3452468 	107706 	 	สร 	
12.2022 	198349 	3452465 	44892 	 	สร 	
12.2022 	198349 	3446476 	3520 	 	สร 	
12.2022 	198349 	3469705 	4889,36 	 	สร 	
12.2022 	198349 	3457295 	16110,16 	 	สร 	
12.2022 	198349 	3457098 	76456,8 	 	สร 	
12.2022 	198349 	3461009 	91872 	 	สร 	
12.2022 	198349 	3471201 	1225 	 	สร 	
12.2022 	198349 	3474097 	6120 	 	สร 	
12.2022 	198349 	3461124 	79552 	 	สร 	
12.2022 	198349 	3457293 	16491,02 	 	สร 	
12.2022 	198349 	19110 	2720 	 	สร 	
12.2022 	198349 	3462255 	11776 	 	สร 	
12.2022 	198349 	3469076 	2441,222 	 	สร 	
12.2022 	198349 	3468786 	2615,595 	 	สร 	
12.2022 	198349 	3459270 	182 	 	สร 	
12.2022 	198349 	3187426 	835,2 	 	สร 	
12.2022 	198349 	3258820 	288 	 	สร 	
12.2022 	198349 	3476456 	11628 	 	สร 	
12.2022 	198349 	3452694 	36750 	 	สร 	
12.2022 	198349 	3452691 	39560 	 	สร 	
12.2022 	198349 	3461128 	2124 	 	สร 	
12.2022 	198349 	3212543 	1800 	 	สร 	
12.2022 	198349 	3212544 	2160 	 	สร 	
12.2022 	198349 	3212541 	2160 	 	สร 	
04.12.2022 	198349 	3452694 	15400 	 	สร 	
 	 	 	 	 	 	
