12.2022	119388	3466081	16100,000		สร				
12.2022	119388	3473232	2100,000		สร				
12.2022	119388	3435821	13300,000		สร				
12.2022	119388	3405035	175,000		สร				
12.2022	119388	1719099	2340,000		สร				
12.2022	119388	3474017	24820,000		สร				
12.2022	119388	227349	180,000		สร				
12.2022	119388	3405038	3850,000		สร				
12.2022	119388	3405033	6300,000		สร				
12.2022	119388	3435822	7525,000		สร				
12.2022	119388	3473233	2100,000		สร				
12.2022	119388	3405032	350,000		สร				
12.2022	119388	3445751	23275,000		สร				
12.2022	119388	1779449	1080,000		สร				
12.2022	119388	210847	2520,000		สร				
12.2022	119388	3253589	1260,000		สร				
12.2022	119388	3265639	61974,200		สร				
12.2022	119388	18467	8140,000		สร				
12.2022	119388	3477974	3600,000		สร				
12.2022	119388	149042	4440,000		สร				
12.2022	119388	149045	4070,000		สร				
12.2022	119388	3456454	900,000		สร				
12.2022	119388	3478877	32400,000		สร				
12.2022	119388	195507	2220,000		สร				
12.2022	119388	3454909	9000,000		สร				
12.2022	119388	18328	1665,000		สร				
12.2022	119388	3477211	109800,000		สร				
12.2022	119388	3473155	875,000		สร				
12.2022	119388	3437507	1665,000		สร				
12.2022	119388	1715079	555,000		สร				
12.2022	119388	3253300	4255,000		สร				
12.2022	119388	3294019	925,000		สร				
12.2022	119388	3471201	12775,000		สร				
12.2022	119388	3288195	4206,480		สร				
12.2022	119388	1605208	30600,000		สร				
12.2022	119388	17722	4625,000		สร				
12.2022	119388	182679	6475,000		สร				
12.2022	119388	227380	5550,000		สร				
12.2022	119388	3177221	5610,000		สร				
12.2022	119388	3460018	360,000		สร				
12.2022	119388	216002	340,000		สร				
12.2022	119388	209738	1260,000		สร				
12.2022	119388	3450012	2800,000		สร				
12.2022	119388	201559	1360,000		สร				
12.2022	119388	3161599	525,000		สร				
12.2022	119388	147725	21600,000		สร				
12.2022	119388	145132	360,000		สร				
12.2022	119388	158267	1190,000		สร				
12.2022	119388	158269	2210,000		สร				
12.2022	119388	158276	680,000		สร				
12.2022	119388	1644702	900,000		สร				
12.2022	119388	158259	180,000		สร				
12.2022	119388	158263	1440,000		สร				
12.2022	119388	3141839	1700,000		สร				
12.2022	119388	3141840	3850,000		สร				
12.2022	119388	1721188	2550,000		สร				
12.2022	119388	3241264	1020,000		สร				
12.2022	119388	1642514	6800,000		สร				
12.2022	119388	204759	680,000		สร				
12.2022	119388	3146927	6120,000		สร				
12.2022	119388	1630359	660,000		สร				
12.2022	119388	3461040	175,000		สร				
12.2022	119388	3456570	47700,000		สร				
12.2022	119388	3457043	47160,000		สร				
12.2022	119388	203955	540,000		สร				
12.2022	119388	203957	3780,000		สร				
12.2022	119388	193148	73270,000		สร				
12.2022	119388	193127	8670,000		สร				
12.2022	119388	3473415	1360,000		สร				
12.2022	119388	1721688	6800,000		สร				
12.2022	119388	3432091	248774,000		สร				
12.2022	119388	3099319	33250,000		สร				
12.2022	119388	1721699	39600,000		สร				
12.2022	119388	3099321	34825,000		สร				
12.2022	119388	3454625	7875,000		สร				
12.2022	119388	1406288	8100,000		สร				
12.2022	119388	3414124	2275,000		สร				
12.2022	119388	199904	1440,000		สร				
12.2022	119388	199911	2880,000		สร				
12.2022	119388	199917	2340,000		สร				
12.2022	119388	1422904	19800,000		สร				
12.2022	119388	3468319	182875,000		สร				
12.2022	119388	1721166	9360,000		สร				
12.2022	119388	203899	59400,000		สร				
12.2022	119388	3472736	30060,000		สร				
12.2022	119388	203931	1440,000		สร				
12.2022	119388	3141887	19040,000		สร				
12.2022	119388	1495994	11390,000		สร				
12.2022	119388	1620696	340,000		สร				
12.2022	119388	1620698	4900,000		สร				
12.2022	119388	3474891	12070,000		สร				
12.2022	119388	205914	28260,000		สร				
12.2022	119388	205916	22015,000		สร				
12.2022	119388	1623014	14040,000		สร				
12.2022	119388	1560666	11160,000		สร				
12.2022	119388	1560668	8460,000		สร				
12.2022	119388	1560669	1110,000		สร				
12.2022	119388	1560670	925,000		สร				
12.2022	119388	1532043	740,000		สร				
12.2022	119388	205910	1870,000		สร				
12.2022	119388	3030946	1530,000		สร				
12.2022	119388	3197230	4725,000		สร				
12.2022	119388	172787	1800,000		สร				
12.2022	119388	172788	12240,000		สร				
12.2022	119388	3037906	5580,000		สร				
12.2022	119388	3300040	180,000		สร				
12.2022	119388	3160688	4320,000		สร				
12.2022	119388	3188237	3325,000		สร				
12.2022	119388	1676052	2160,000		สร				
12.2022	119388	132612	360,000		สร				
12.2022	119388	132611	1440,000		สร				
12.2022	119388	132610	3780,000		สร				
12.2022	119388	3454622	46440,000		สร				
12.2022	119388	143936	2405,000		สร				
12.2022	119388	132619	44770,000		สร				
12.2022	119388	132970	12025,000		สร				
12.2022	119388	1742791	340,000		สร				
12.2022	119388	1782601	340,000		สร				
12.2022	119388	1719434	4320,000		สร				
12.2022	119388	1742796	3515,000		สร				
12.2022	119388	3144357	900,000		สร				
12.2022	119388	3144672	180,000		สร				
12.2022	119388	3240642	2040,000		สร				
12.2022	119388	3240655	3570,000		สร				
12.2022	119388	149077	1700,000		สร				
12.2022	119388	3199008	850,000		สร				
12.2022	119388	1461896	17000,000		สร				
12.2022	119388	1463429	2550,000		สร				
12.2022	119388	3142050	5100,000		สร				
12.2022	119388	3146926	1700,000		สร				
12.2022	119388	3226549	1600,000		สร				
12.2022	119388	208098	4250,000		สร				
12.2022	119388	1642520	755,000		สร				
12.2022	119388	1766860	450,000		สร				
12.2022	119388	3257066	1152,000		สร				
12.2022	119388	3258820	864,000		สร				
12.2022	119388	3187431	3114,600		สร				
12.2022	119388	3126681	17,600		สร				
12.2022	119388	3180974	464,400		สร				
12.2022	119388	3187428	2534,400		สร				
12.2022	119388	3052007	9378,600		สร				
12.2022	119388	3187426	5846,400		สร				
12.2022	119388	3052069	2614,400		สร				
12.2022	119388	3186522	3505,500		สร				
12.2022	119388	3186390	2733,400		สร				
12.2022	119388	3186380	1670,400		สร				
12.2022	119388	3456572	9848,400		สร				
12.2022	119388	1558855	204,000		สร				
12.2022	119388	3186387	3657,500		สร				
12.2022	119388	3187433	70,400		สร				
12.2022	119388	3187552	1658,700		สร				
12.2022	119388	3187548	52,500		สร				
12.2022	119388	1640264	17,000		สร				
12.2022	119388	3187558	6600,600		สร				
12.2022	119388	1637635	34,000		สร				
12.2022	119388	3186530	445,000		สร				
12.2022	119388	3186531	854,400		สร				
12.2022	119388	3187560	465,000		สร				
12.2022	119388	3187561	18,000		สร				
12.2022	119388	3132749	17,200		สร				
12.2022	119388	227325	360,000		สร				
12.2022	119388	3129165	720,000		สร				
12.2022	119388	3445073	42099,000		สร				
12.2022	119388	3468614	4821,600		สร				
12.2022	119388	3461049	10440,000		สร				
12.2022	119388	3473425	27150,200		สร				
12.2022	119388	3468364	6480,000		สร				
12.2022	119388	3461009	27840,000		สร				
12.2022	119388	3457564	3096,170		สร				
12.2022	119388	3462355	14480,000		สร				
12.2022	119388	3432093	13650,000		สร				
12.2022	119388	3432095	11895,000		สร				
12.2022	119388	3462807	70400,000		สร				
12.2022	119388	3432092	6300,000		สร				
12.2022	119388	3462861	10010,000		สร				
12.2022	119388	3482077	31856,000		สร				
12.2022	119388	3464716	680,000		สร				
12.2022	119388	3468644	4368,000		สร				
12.2022	119388	3237890	26269,520		สร				
12.2022	119388	3472657	1380,880		สร				
12.2022	119388	3469625	8085,070		สร				
12.2022	119388	3469624	41692,080		สร				
12.2022	119388	3474368	184,000		สร				
12.2022	119388	1454966	1260,000		สร				
12.2022	119388	3240861	875,000		สร				
12.2022	119388	3474097	6800,000		สร				
12.2022	119388	3440187	15120,000		สร				
12.2022	119388	3459269	43200,000		สร				
12.2022	119388	3459557	920,000		สร				
12.2022	119388	3469082	12035,888		สร				
12.2022	119388	3465084	15752,000		สร				
12.2022	119388	157569	1225,000		สร				
12.2022	119388	3464213	11457,000		สร				
12.2022	119388	3464214	692,000		สร				
12.2022	119388	1792587	555,960		สร				
12.2022	119388	1708250	720,000		สร				
12.2022	119388	1782082	3240,000		สร				
12.2022	119388	1456002	8640,000		สร				
12.2022	119388	3351243	510,000		สร				
12.2022	119388	1683355	180,000		สร				
12.2022	119388	1527410	220,000		สร				
12.2022	119388	19549	2775,000		สร				
12.2022	119388	3418218	3302,550		สร				
12.2022	119388	19110	11900,000		สร				
12.2022	119388	182672	1020,000		สร				
12.2022	119388	19106	1800,000		สร				
12.2022	119388	3458797	7140,000		สร				
12.2022	119388	19125	32760,000		สร				
12.2022	119388	19123	15840,000		สร				
12.2022	119388	18114	1800,000		สร				
12.2022	119388	19154	170,000		สร				
12.2022	119388	17416	3060,000		สร				
12.2022	119388	3444454	6800,000		สร				
12.2022	119388	17799	8820,000		สร				
12.2022	119388	17831	3960,000		สร				
12.2022	119388	19117	180,000		สร				
12.2022	119388	18819	1530,000		สร				
12.2022	119388	18804	2550,000		สร				
12.2022	119388	17821	7380,000		สร				
12.2022	119388	187548	360,000		สร				
12.2022	119388	187682	540,000		สร				
12.2022	119388	18773	1530,000		สร				
12.2022	119388	18760	540,000		สร				
12.2022	119388	18763	720,000		สร				
12.2022	119388	19026	180,000		สร				
12.2022	119388	17337	7480,000		สร				
12.2022	119388	13716	5400,000		สร				
12.2022	119388	3433986	1020,000		สร				
12.2022	119388	3344790	2709,075		สร				
12.2022	119388	1599658	753,600		สร				
12.2022	119388	1595287	43,000		สร				
12.2022	119388	3462363	2064,000		สร				
12.2022	119388	3255225	270,000		สร				
12.2022	119388	1454960	18,000		สร				
12.2022	119388	1454963	2,400		สร				
12.2022	119388	3180679	4,800		สร				
12.2022	119388	1683006	1944,000		สร				
12.2022	119388	1720234	34,000		สร				
12.2022	119388	1534458	18,000		สร				
12.2022	119388	207465	163,008		สร				
12.2022	119388	1338295	42,770		สร				
12.2022	119388	3462810	4377,600		สร				
12.2022	119388	3148646	13,696		สร				
12.2022	119388	3240635	7704,000		สร				
12.2022	119388	17430	648,000		สร				
12.2022	119388	13105	388,800		สร				
12.2022	119388	202071	86,400		สร				
12.2022	119388	202069	345,600		สร				
12.2022	119388	187747	18,000		สร				
12.2022	119388	187758	1,600		สร				
12.2022	119388	13103	140,400		สร				
12.2022	119388	17901	648,000		สร				
12.2022	119388	17429	432,000		สร				
12.2022	119388	187716	403,200		สร				
12.2022	119388	18723	54,000		สร				
12.2022	119388	201401	108,000		สร				
12.2022	119388	13120	14,400		สร				
12.2022	119388	13119	140,400		สร				
12.2022	119388	202015	46,800		สร				
12.2022	119388	202014	324,000		สร				
12.2022	119388	3477871	15139,160		สร				
01.12.2022	119388	203899	50400,000		สร				
01.12.2022	119388	199904	9360,000		สร				
01.12.2022	119388	201198	9350,000		สร				
02.12.2022	119388	203899	82080,000		สร				
02.12.2022	119388	3188042	501,200		สร				
02.12.2022	119388	3483299	9625,000		สร				
03.12.2022	119388	203899	14940,000		สร				
03.12.2022	119388	3052007	4176,000		สร				
03.12.2022	119388	3257035	288,000		สร				
03.12.2022	119388	3004673	3400,000		สร				
03.12.2022	119388	3435821	54250,000		สร				
03.12.2022	119388	1599727	8160,000		สร				
03.12.2022	119388	3440167	171,400		สร				
04.12.2022	119388	3435821	25550,000		สร				
04.12.2022	119388	3141887	20230,000		สร				
04.12.2022	119388	3477211	19440,000		สร				
04.12.2022	119388	187432	10915,000		สร				
05.12.2022	119388	3449068	66200,000		สร				
05.12.2022	119388	3449065	79400,000		สร				
05.12.2022	119388	3477211	22860,000		สร				
05.12.2022	119388	3093025	20400,000		สร				
05.12.2022	119388	3132623	510,000		สร				
05.12.2022	119388	1461859	17850,000		สร				
05.12.2022	119388	3189071	796,800		สร				
05.12.2022	119388	3456454	7920,000		สร				
05.12.2022	119388	3141887	20230,000		สร				
05.12.2022	119388	3483534	15750,000		สร				
									
									
									
									
									
									
									
									
									
									
									
									
									
									
									
									
									
									
									
									
									
									
									
									
									
									
									
									
									
									
									
									
									
									
									
									
									
									
									
									
									
									
									
									
									
									
									
									
									
									
									
									
									
									
									
									
									
									
									
									
									
									
									
									
									
									
									
									
									
									
									
									
									
									
									
									
									
									
									
									
									
									
									
									
									
									
									
									
									
									
									
									
									
									
									
									
									
									
									
									
									
									
									
									
									
									
									
									
									
									
									
									
									
									
									
									
									
									
									
									
									
									
									
									
									
									
									
									
									
									
									
									
									
									
									
									
									
									
									
									
									
									
									
									
									
									
									
									
									
									
									
									
									
									
									
									
									
									
									
									
									
									
									
									
									
									
									
									
									
									
									
									
									
									
									
									
									
									
									
									
									
									
									
									
									
									
									
									
									
									
									
									
									
									
									
									
									
									
									
									
									
									
									
									
									
									
									
									
									
									
									
									
									
									
									
									
									
									
									
									
									
									
