11.2022	119388	3466081	39900,000		สร			
11.2022	119388	3435821	151725,000		สร			
11.2022	119388	3405035	175,000		สร			
11.2022	119388	1719099	3060,000		สร			
11.2022	119388	3474017	126480,000		สร			
11.2022	119388	3037288	700,000		สร			
11.2022	119388	3405038	3850,000		สร			
11.2022	119388	3405033	6300,000		สร			
11.2022	119388	3435822	110775,000		สร			
11.2022	119388	3405032	350,000		สร			
11.2022	119388	1742796	4255,000		สร			
11.2022	119388	1779449	1080,000		สร			
11.2022	119388	210847	2520,000		สร			
11.2022	119388	3253589	1260,000		สร			
11.2022	119388	3265639	1071,600		สร			
11.2022	119388	18467	8140,000		สร			
11.2022	119388	18477	24790,000		สร			
11.2022	119388	149042	4440,000		สร			
11.2022	119388	149045	4070,000		สร			
11.2022	119388	149053	4440,000		สร			
11.2022	119388	3456454	1620,000		สร			
11.2022	119388	195507	28120,000		สร			
11.2022	119388	3454909	8280,000		สร			
11.2022	119388	18328	1665,000		สร			
11.2022	119388	140211	1480,000		สร			
11.2022	119388	3473155	28875,000		สร			
11.2022	119388	3437507	1850,000		สร			
11.2022	119388	3253300	2220,000		สร			
11.2022	119388	3294019	925,000		สร			
11.2022	119388	3471201	21875,000		สร			
11.2022	119388	1605208	79050,000		สร			
11.2022	119388	17722	9250,000		สร			
11.2022	119388	182679	11840,000		สร			
11.2022	119388	227380	58460,000		สร			
11.2022	119388	3196520	2960,000		สร			
11.2022	119388	3460018	3960,000		สร			
11.2022	119388	216002	7310,000		สร			
11.2022	119388	209738	1260,000		สร			
11.2022	119388	3450012	3500,000		สร			
11.2022	119388	201559	1360,000		สร			
11.2022	119388	3161599	525,000		สร			
11.2022	119388	147725	24480,000		สร			
11.2022	119388	145132	360,000		สร			
11.2022	119388	1611811	1440,000		สร			
11.2022	119388	158267	5440,000		สร			
11.2022	119388	158269	2890,000		สร			
11.2022	119388	1644702	900,000		สร			
11.2022	119388	158259	180,000		สร			
11.2022	119388	158263	3600,000		สร			
11.2022	119388	1721188	7650,000		สร			
11.2022	119388	1721191	4590,000		สร			
11.2022	119388	3241264	1020,000		สร			
11.2022	119388	1642514	170,000		สร			
11.2022	119388	204759	680,000		สร			
11.2022	119388	3146927	6120,000		สร			
11.2022	119388	1630359	660,000		สร			
11.2022	119388	3461040	12950,000		สร			
11.2022	119388	3456570	48240,000		สร			
11.2022	119388	203951	9180,000		สร			
11.2022	119388	3457043	58140,000		สร			
11.2022	119388	203955	33660,000		สร			
11.2022	119388	203957	12600,000		สร			
11.2022	119388	201198	15470,000		สร			
11.2022	119388	193148	68510,000		สร			
11.2022	119388	193127	90780,000		สร			
11.2022	119388	1721688	6970,000		สร			
11.2022	119388	3432091	273749,100		สร			
11.2022	119388	3099319	44855,000		สร			
11.2022	119388	1721699	39600,000		สร			
11.2022	119388	3099321	34825,000		สร			
11.2022	119388	3454625	22050,000		สร			
11.2022	119388	1406288	8100,000		สร			
11.2022	119388	3414124	3325,000		สร			
11.2022	119388	199911	3060,000		สร			
11.2022	119388	199917	360,000		สร			
11.2022	119388	1422904	19980,000		สร			
11.2022	119388	3154214	3400,000		สร			
11.2022	119388	3153822	5270,000		สร			
11.2022	119388	3468319	304150,000		สร			
11.2022	119388	1721166	9360,000		สร			
11.2022	119388	203899	143280,000		สร			
11.2022	119388	3472736	32040,000		สร			
11.2022	119388	203931	1440,000		สร			
11.2022	119388	3141887	51340,000		สร			
11.2022	119388	1620696	680,000		สร			
11.2022	119388	3474891	27200,000		สร			
11.2022	119388	1623014	14040,000		สร			
11.2022	119388	1560666	14940,000		สร			
11.2022	119388	1560668	8460,000		สร			
11.2022	119388	1560669	1110,000		สร			
11.2022	119388	1560670	925,000		สร			
11.2022	119388	1532043	740,000		สร			
11.2022	119388	3030946	28220,000		สร			
11.2022	119388	3197230	5075,000		สร			
11.2022	119388	172787	2340,000		สร			
11.2022	119388	172788	12780,000		สร			
11.2022	119388	3037906	8280,000		สร			
11.2022	119388	3300040	180,000		สร			
11.2022	119388	3160688	5400,000		สร			
11.2022	119388	3160695	17460,000		สร			
11.2022	119388	3188237	3325,000		สร			
11.2022	119388	3045266	3910,000		สร			
11.2022	119388	3045808	4760,000		สร			
11.2022	119388	3045810	510,000		สร			
11.2022	119388	3266098	15400,000		สร			
11.2022	119388	185962	7020,000		สร			
11.2022	119388	187432	370,000		สร			
11.2022	119388	132612	3420,000		สร			
11.2022	119388	132611	18900,000		สร			
11.2022	119388	132610	16560,000		สร			
11.2022	119388	3454622	98280,000		สร			
11.2022	119388	143936	32930,000		สร			
11.2022	119388	132619	64380,000		สร			
11.2022	119388	1742791	340,000		สร			
11.2022	119388	1782601	340,000		สร			
11.2022	119388	1719434	4320,000		สร			
11.2022	119388	3144357	900,000		สร			
11.2022	119388	3144672	180,000		สร			
11.2022	119388	3240642	2040,000		สร			
11.2022	119388	3240659	6290,000		สร			
11.2022	119388	149077	1700,000		สร			
11.2022	119388	1461861	17000,000		สร			
11.2022	119388	1590038	17000,000		สร			
11.2022	119388	3199008	850,000		สร			
11.2022	119388	1715080	850,000		สร			
11.2022	119388	1463429	2550,000		สร			
11.2022	119388	3146926	1700,000		สร			
11.2022	119388	3226549	1600,000		สร			
11.2022	119388	199480	3400,000		สร			
11.2022	119388	1642519	1700,000		สร			
11.2022	119388	1642520	755,000		สร			
11.2022	119388	1766860	450,000		สร			
11.2022	119388	3257066	1152,000		สร			
11.2022	119388	3187431	5968,200		สร			
11.2022	119388	3126681	17,600		สร			
11.2022	119388	1632333	17,000		สร			
11.2022	119388	3184787	864,000		สร			
11.2022	119388	3180974	464,400		สร			
11.2022	119388	3187428	9292,800		สร			
11.2022	119388	3052007	7551,600		สร			
11.2022	119388	3052069	8393,600		สร			
11.2022	119388	3186522	9251,100		สร			
11.2022	119388	3186390	242,200		สร			
11.2022	119388	3186380	1670,400		สร			
11.2022	119388	3456572	9848,400		สร			
11.2022	119388	1558855	204,000		สร			
11.2022	119388	3186387	1137,500		สร			
11.2022	119388	3187433	70,400		สร			
11.2022	119388	3187552	7472,700		สร			
11.2022	119388	3187553	1661,000		สร			
11.2022	119388	3187548	927,500		สร			
11.2022	119388	1640264	17,000		สร			
11.2022	119388	3187558	1949,400		สร			
11.2022	119388	1637635	34,000		สร			
11.2022	119388	3186530	551,800		สร			
11.2022	119388	3187560	3974,000		สร			
11.2022	119388	3132749	842,800		สร			
11.2022	119388	3129165	720,000		สร			
11.2022	119388	3457564	3268,290		สร			
11.2022	119388	3462807	59120,000		สร			
11.2022	119388	3432092	8448,000		สร			
11.2022	119388	3431099	16944,000		สร			
11.2022	119388	3464716	2040,000		สร			
11.2022	119388	3468644	4368,000		สร			
11.2022	119388	3469640	6221,340		สร			
11.2022	119388	3144278	20900,000		สร			
11.2022	119388	1454966	1260,000		สร			
11.2022	119388	3240415	7020,000		สร			
11.2022	119388	3240861	875,000		สร			
11.2022	119388	3445087	9680,000		สร			
11.2022	119388	3446491	14960,000		สร			
11.2022	119388	3440187	16200,000		สร			
11.2022	119388	3459269	47880,000		สร			
11.2022	119388	3459270	10374,000		สร			
11.2022	119388	3459557	920,000		สร			
11.2022	119388	3459558	6335,000		สร			
11.2022	119388	3468623	38714,020		สร			
11.2022	119388	3140512	10175,000		สร			
11.2022	119388	1745316	2260,800		สร			
11.2022	119388	3465084	15752,000		สร			
11.2022	119388	157569	1225,000		สร			
11.2022	119388	3464213	12825,000		สร			
11.2022	119388	3464214	1384,000		สร			
11.2022	119388	1792587	555,960		สร			
11.2022	119388	1708250	900,000		สร			
11.2022	119388	1782082	3240,000		สร			
11.2022	119388	1456002	8640,000		สร			
11.2022	119388	3351243	510,000		สร			
11.2022	119388	1678967	180,000		สร			
11.2022	119388	1527410	220,000		สร			
11.2022	119388	19549	2775,000		สร			
11.2022	119388	3418218	3302,550		สร			
11.2022	119388	19110	680,000		สร			
11.2022	119388	182672	1700,000		สร			
11.2022	119388	19106	1800,000		สร			
11.2022	119388	3458797	7140,000		สร			
11.2022	119388	19125	30240,000		สร			
11.2022	119388	19123	30240,000		สร			
11.2022	119388	18114	1800,000		สร			
11.2022	119388	19154	170,000		สร			
11.2022	119388	17416	3060,000		สร			
11.2022	119388	3444454	6800,000		สร			
11.2022	119388	17799	20700,000		สร			
11.2022	119388	17831	4680,000		สร			
11.2022	119388	19117	180,000		สร			
11.2022	119388	18819	1530,000		สร			
11.2022	119388	18804	2550,000		สร			
11.2022	119388	17821	7380,000		สร			
11.2022	119388	187548	360,000		สร			
11.2022	119388	187682	540,000		สร			
11.2022	119388	18773	1530,000		สร			
11.2022	119388	18763	720,000		สร			
11.2022	119388	19026	180,000		สร			
11.2022	119388	17337	7480,000		สร			
11.2022	119388	13716	5400,000		สร			
11.2022	119388	3433986	1020,000		สร			
11.2022	119388	3344790	2709,075		สร			
11.2022	119388	1599658	753,600		สร			
11.2022	119388	1595287	43,000		สร			
11.2022	119388	207480	2521,530		สร			
11.2022	119388	3462363	2064,000		สร			
11.2022	119388	3255225	270,000		สร			
11.2022	119388	1454960	18,000		สร			
11.2022	119388	1454963	2,400		สร			
11.2022	119388	1683006	1944,000		สร			
11.2022	119388	1720234	34,000		สร			
11.2022	119388	1534458	18,000		สร			
11.2022	119388	1338295	42,770		สร			
11.2022	119388	3462810	4377,600		สร			
11.2022	119388	3237889	303,116		สร			
11.2022	119388	3148646	13,696		สร			
11.2022	119388	3240635	7704,000		สร			
11.2022	119388	17430	648,000		สร			
11.2022	119388	13105	388,800		สร			
11.2022	119388	202071	86,400		สร			
11.2022	119388	202069	345,600		สร			
11.2022	119388	187747	18,000		สร			
11.2022	119388	187758	1,600		สร			
11.2022	119388	13103	140,400		สร			
11.2022	119388	17901	648,000		สร			
11.2022	119388	17429	432,000		สร			
11.2022	119388	187716	403,200		สร			
11.2022	119388	18723	54,000		สร			
11.2022	119388	201401	108,000		สร			
11.2022	119388	13120	14,400		สร			
11.2022	119388	13119	140,400		สร			
11.2022	119388	202015	46,800		สร			
11.2022	119388	202014	324,000		สร			
11.2022	119388	3240877	20400,000		สร			
11.2022	119388	3450945	60,000		สร			
11.2022	119388	3138028	5,000		สร			
11.2022	119388	3472487	191,000		สร			
11.2022	119388	3458779	81200,000		สร			
01.11.2022	119388	1495994	11560,000		สร			
01.11.2022	119388	3462807	10032,000		สร			
01.11.2022	119388	3459269	2880,000		สร			
01.11.2022	119388	193127	680,000		สร			
01.11.2022	119388	1683355	180,000		สร			
01.11.2022	119388	1708250	180,000		สร			
01.11.2022	119388	3240655	3570,000		สร			
01.11.2022	119388	1779443	1225,000		สร			
01.11.2022	119388	3180679	4,800		สร			
01.11.2022	119388	203936	720,000		สร			
								
								
								
								
								
								
								
								
								
								
								
								
								
								
								
								
								
								
								
								
								
								
								
								
								
								
								
								
								
								
								
								
								
								
								
								
								
								
								
								
								
								
								
								
								
								
								
								
								
								
								
								
								
								
								
								
								
								
								
								
								
								
								
								
								
								
								
								
								
								
								
								
								
								
								
								
								
								
								
								
								
								
								
								
								
								
								
								
								
								
								
								
								
								
								
								
								
								
								
								
								
								
								
								
								
								
								
								
								
								
								
								
								
								
								
								
								
								
								
								
								
								
								
								
								
								
								
								
								
								
								
								
								
								
								
								
								
								
								
								
								
								
								
								
								
								
								
								
								
								
								
								
								
								
								
								
								
								
								
								
								
								
								
								
								
								
								
								
								
								
								
								
								
								
								
								
								
								
								
								
								
								
								
								
								
								
								
								
								
								
								
								
								
								
								
								
								
								
								
								
								
								
								
								
								
								
								
								
								
								
								
								
								
								
								
								
								
								
								
								
								
								
								
								
								
								
								
								
								
								
								
								
								
								
								
								
								
								
								
								
								
								
								
								
								
								
								
								
								
								
								
								
								
