01.11.2022	1078	3129165	180,000000		สร
01.11.2022	1078	3430584	310,500000		สร
01.11.2022	1078	3431004	518,700000		สร
01.11.2022	1078	3430577	1672,000000		สร
02.11.2022	1078	2260	16560,000000		สร
11.2022	1078	3171	2220,000000		สร
11.2022	1078	1972	15910,000000		สร
11.2022	1078	3013	1110,000000		สร
11.2022	1078	12938	46260,000000		สร
11.2022	1078	12722	76405,000000		สร
11.2022	1078	1990	360,000000		สร
11.2022	1078	19196	447,780000		สร
11.2022	1078	14913	1440,000000		สร
11.2022	1078	19193	222,360000		สร
11.2022	1078	19443	541,800000		สร
11.2022	1078	19435	295,008000		สร
11.2022	1078	18467	217745,000000		สร
11.2022	1078	18477	13320,000000		สร
11.2022	1078	18165	720,000000		สร
11.2022	1078	19447	306,705000		สร
11.2022	1078	19438	56,960000		สร
11.2022	1078	19299	565,500000		สร
11.2022	1078	19490	11050,000000		สร
11.2022	1078	19491	720,000000		สร
11.2022	1078	19494	24650,000000		สร
11.2022	1078	142513	4995,000000		สร
11.2022	1078	157578	8400,000000		สร
11.2022	1078	157569	329000,000000		สร
11.2022	1078	157574	15,000000		สร
11.2022	1078	159034	180,000000		สร
11.2022	1078	159042	900,000000		สร
11.2022	1078	187772	120,000000		สร
11.2022	1078	187777	30,000000		สร
11.2022	1078	187780	45,000000		สร
11.2022	1078	187781	2940,000000		สร
11.2022	1078	18462	8640,000000		สร
11.2022	1078	18472	1260,000000		สร
11.2022	1078	193360	4320,000000		สร
11.2022	1078	19539	0,000000		สร
11.2022	1078	19532	573,344000		สร
11.2022	1078	19434	0,000000		สร
11.2022	1078	226133	0,000000		สร
11.2022	1078	225381	-4,455000		สร
11.2022	1078	1358614	157250,000000		สร
11.2022	1078	227339	0,000000		สร
11.2022	1078	225572	3600,000000		สร
11.2022	1078	211086	9065,000000		สร
11.2022	1078	211091	30600,000000		สร
11.2022	1078	12934	9360,000000		สร
11.2022	1078	3016	11655,000000		สร
11.2022	1078	2304	7585,000000		สร
11.2022	1078	1462833	21600,000000		สร
11.2022	1078	1475218	17100,000000		สร
11.2022	1078	1393993	17170,000000		สร
11.2022	1078	1456009	3060,000000		สร
11.2022	1078	1434203	360,000000		สร
11.2022	1078	1495994	21760,000000		สร
11.2022	1078	1407619	900,000000		สร
11.2022	1078	203951	76320,000000		สร
11.2022	1078	1452204	4536,000000		สร
11.2022	1078	1456002	6480,000000		สร
11.2022	1078	1493623	1440,000000		สร
11.2022	1078	1500521	2340,000000		สร
11.2022	1078	18465	3844,800000		สร
11.2022	1078	18475	16324,800000		สร
11.2022	1078	1488718	0,000000		สร
11.2022	1078	1454966	1620,000000		สร
11.2022	1078	1454960	18090,000000		สร
11.2022	1078	1968	4440,000000		สร
11.2022	1078	1479308	414,000000		สร
11.2022	1078	226004	2035,000000		สร
11.2022	1078	227349	1260,000000		สร
11.2022	1078	227325	164880,000000		สร
11.2022	1078	227322	34020,000000		สร
11.2022	1078	1456008	0,000000		สร
11.2022	1078	1559415	20400,000000		สร
11.2022	1078	227324	180,000000		สร
11.2022	1078	1559936	585,000000		สร
11.2022	1078	1595288	4,300000		สร
11.2022	1078	16267	185,000000		สร
11.2022	1078	1457655	189,200000		สร
11.2022	1078	1558966	11520,000000		สร
11.2022	1078	1407624	540,000000		สร
11.2022	1078	1606861	2550,000000		สร
11.2022	1078	1613289	3135,000000		สร
11.2022	1078	1356738	720,000000		สร
11.2022	1078	1620696	12240,000000		สร
11.2022	1078	1454963	9264,800000		สร
11.2022	1078	1595328	6564,924000		สร
11.2022	1078	1613710	1440,000000		สร
11.2022	1078	1613716	0,000000		สร
11.2022	1078	1559876	3888,000000		สร
11.2022	1078	1610388	563,112000		สร
11.2022	1078	203955	7560,000000		สร
11.2022	1078	1634684	7710,000000		สร
11.2022	1078	12937	720,000000		สร
11.2022	1078	1625591	93975,000000		สร
11.2022	1078	1649469	31265,000000		สร
11.2022	1078	1666080	374,000000		สร
11.2022	1078	1407621	15480,000000		สร
11.2022	1078	1640553	0,000000		สร
11.2022	1078	203936	3600,000000		สร
11.2022	1078	1682082	13320,000000		สร
11.2022	1078	209753	201240,000000		สร
11.2022	1078	2253	0,000000		สร
11.2022	1078	1534458	1296,000000		สร
11.2022	1078	2260	3600,000000		สร
11.2022	1078	1708250	5220,000000		สร
11.2022	1078	1640552	740,000000		สร
11.2022	1078	1709854	68,000000		สร
11.2022	1078	186297	32300,000000		สร
11.2022	1078	1683355	39960,000000		สร
11.2022	1078	1719023	0,000000		สร
11.2022	1078	1719025	0,000000		สร
11.2022	1078	1728064	0,000000		สร
11.2022	1078	1558960	3600,000000		สร
11.2022	1078	1728061	0,000000		สร
11.2022	1078	1728063	627,840000		สร
11.2022	1078	1682080	648,000000		สร
11.2022	1078	1720234	374,000000		สร
11.2022	1078	1735499	867,000000		สร
11.2022	1078	1733338	0,000000		สร
11.2022	1078	1713076	1944,000000		สร
11.2022	1078	1719144	26425,000000		สร
11.2022	1078	193127	116450,000000		สร
11.2022	1078	195107	0,000000		สร
11.2022	1078	1668259	8236,256000		สร
11.2022	1078	1533112	8640,000000		สร
11.2022	1078	1668255	2585,424000		สร
11.2022	1078	1755380	0,000000		สร
11.2022	1078	1729680	1139,400000		สร
11.2022	1078	132615	0,000000		สร
11.2022	1078	1595329	612,102000		สร
11.2022	1078	11632	16650,000000		สร
11.2022	1078	1683353	1620,000000		สร
11.2022	1078	3014385	0,000000		สร
11.2022	1078	3013821	220,000000		สร
11.2022	1078	1683352	0,000000		สร
11.2022	1078	1782082	0,000000		สร
11.2022	1078	3034018	10080,000000		สร
11.2022	1078	3034009	3150,000000		สร
11.2022	1078	3034013	8640,000000		สร
11.2022	1078	1779443	31500,000000		สร
11.2022	1078	186989	3400,000000		สร
11.2022	1078	1793687	0,000000		สร
11.2022	1078	3078136	680,000000		สร
11.2022	1078	3093378	255,000000		สร
11.2022	1078	3094164	355,000000		สร
11.2022	1078	201198	80240,000000		สร
11.2022	1078	3099319	152950,000000		สร
11.2022	1078	1678967	0,000000		สร
11.2022	1078	3112015	544,000000		สร
11.2022	1078	227382	880,000000		สร
11.2022	1078	1755295	20160,000000		สร
11.2022	1078	1794829	0,000000		สร
11.2022	1078	3123193	4324,680000		สร
11.2022	1078	3123654	3960,000000		สร
11.2022	1078	1702935	0,000000		สร
11.2022	1078	1630359	28875,000000		สร
11.2022	1078	3138089	47260,000000		สร
11.2022	1078	3139470	16150,000000		สร
11.2022	1078	3124195	10980,000000		สร
11.2022	1078	3013057	60,000000		สร
11.2022	1078	3141407	3420,000000		สร
11.2022	1078	1678966	2880,000000		สร
11.2022	1078	3166741	0,000000		สร
11.2022	1078	3167409	0,000000		สร
11.2022	1078	3018024	0,000000		สร
11.2022	1078	1788810	680,000000		สร
11.2022	1078	3181974	9720,000000		สร
11.2022	1078	3166768	0,000000		สร
11.2022	1078	3166800	1017,600000		สร
11.2022	1078	3166782	272,000000		สร
11.2022	1078	3166783	0,000000		สร
11.2022	1078	3166785	17,000000		สร
11.2022	1078	3162304	54,000000		สร
11.2022	1078	3162849	9072,000000		สร
11.2022	1078	19492	15960,000000		สร
11.2022	1078	3186387	9625,000000		สร
11.2022	1078	3182464	1680,000000		สร
11.2022	1078	19496	389,400000		สร
11.2022	1078	1558863	667,548000		สร
11.2022	1078	3149271	4080,000000		สร
11.2022	1078	3182205	818,800000		สร
11.2022	1078	3182210	2563,200000		สร
11.2022	1078	3182220	15497,600000		สร
11.2022	1078	3182475	319,200000		สร
11.2022	1078	3051178	45360,000000		สร
11.2022	1078	3180677	0,000000		สร
11.2022	1078	3187433	3344,000000		สร
11.2022	1078	3186380	4193,400000		สร
11.2022	1078	3052073	4865,000000		สร
11.2022	1078	3180679	0,000000		สร
11.2022	1078	3052001	40382,400000		สร
11.2022	1078	3190350	27064,125000		สร
11.2022	1078	3190352	10103,940000		สร
11.2022	1078	3190357	24334,770000		สร
11.2022	1078	1788808	92,295000		สร
11.2022	1078	3194697	1653,493000		สร
11.2022	1078	3194696	89,145000		สร
11.2022	1078	3194708	305,640000		สร
11.2022	1078	3154933	0,000000		สร
11.2022	1078	3158009	0,000000		สร
11.2022	1078	3148656	0,000000		สร
11.2022	1078	1729674	638,064000		สร
11.2022	1078	3194693	3296,160000		สร
11.2022	1078	3190361	2408,400000		สร
11.2022	1078	3205479	2009,448000		สร
11.2022	1078	3187431	0,000000		สร
11.2022	1078	3011903	360,000000		สร
11.2022	1078	3206930	540,000000		สร
11.2022	1078	3206933	13464,000000		สร
11.2022	1078	1779449	720,000000		สร
11.2022	1078	3206931	648,000000		สร
11.2022	1078	3206932	3393,000000		สร
11.2022	1078	3201284	0,000000		สร
11.2022	1078	3201295	0,000000		สร
11.2022	1078	3186390	3321,600000		สร
11.2022	1078	3149878	0,000000		สร
11.2022	1078	3052109	969,600000		สร
11.2022	1078	3186522	4924,800000		สร
11.2022	1078	5002815	437,400000		สร
11.2022	1078	3052110	854,400000		สร
11.2022	1078	3148657	0,000000		สร
11.2022	1078	3134048	180,000000		สร
11.2022	1078	3228245	0,000000		สร
11.2022	1078	3228246	2610,000000		สร
11.2022	1078	3219525	0,000000		สร
11.2022	1078	3241808	6125,000000		สร
11.2022	1078	3166763	0,000000		สร
11.2022	1078	3148639	0,000000		สร
11.2022	1078	3240415	9180,000000		สร
11.2022	1078	3162299	1260,000000		สร
11.2022	1078	3240860	350,000000		สร
11.2022	1078	3240655	4930,000000		สร
11.2022	1078	3190344	1810,350000		สร
11.2022	1078	3190877	3056,400000		สร
11.2022	1078	3247343	2299,170000		สร
11.2022	1078	1642534	288,000000		สร
11.2022	1078	3206938	1260,000000		สร
11.2022	1078	3244502	854,400000		สร
11.2022	1078	3129165	4140,000000		สร
11.2022	1078	3241681	180,000000		สร
11.2022	1078	3233425	177,600000		สร
11.2022	1078	3250660	180,000000		สร
11.2022	1078	103814	178,000000		สร
11.2022	1078	3211884	0,000000		สร
11.2022	1078	3162848	720,000000		สร
11.2022	1078	3195619	840,000000		สร
11.2022	1078	3208057	188,000000		สร
11.2022	1078	1720236	1,200000		สร
11.2022	1078	3285629	1480,000000		สร
11.2022	1078	1479311	480,000000		สร
11.2022	1078	3052116	44,200000		สร
11.2022	1078	1479309	0,000000		สร
11.2022	1078	3236500	0,000000		สร
11.2022	1078	3236872	0,000000		สร
11.2022	1078	3252034	40,800000		สร
11.2022	1078	3208053	152,000000		สร
11.2022	1078	3205492	76,750000		สร
11.2022	1078	3285648	0,000000		สร
11.2022	1078	3299025	22320,000000		สร
11.2022	1078	3240877	6800,000000		สร
11.2022	1078	3024905	136,000000		สร
11.2022	1078	3024911	0,000000		สร
11.2022	1078	3024941	216,000000		สร
11.2022	1078	3024952	0,000000		สร
11.2022	1078	3112014	612,000000		สร
11.2022	1078	3351571	7802,300000		สร
11.2022	1078	1750761	1440,000000		สร
11.2022	1078	1766223	0,000000		สร
11.2022	1078	3149863	680,000000		สร
11.2022	1078	3353855	850,000000		สร
11.2022	1078	3351243	510,000000		สร
11.2022	1078	3339432	19,200000		สร
11.2022	1078	3024956	2394,000000		สร
11.2022	1078	3024950	720,000000		สร
11.2022	1078	3351244	384,000000		สร
11.2022	1078	3189410	15120,000000		สร
11.2022	1078	1733126	2936,250000		สร
11.2022	1078	216935	702,000000		สร
11.2022	1078	3228247	0,000000		สร
11.2022	1078	1479307	480,000000		สร
11.2022	1078	3255225	26964,000000		สร
11.2022	1078	3378362	45140,000000		สร
11.2022	1078	3187561	864,000000		สร
11.2022	1078	3378369	175,000000		สร
11.2022	1078	1750383	4140,000000		สร
11.2022	1078	3026466	480,000000		สร
11.2022	1078	3212540	0,000000		สร
11.2022	1078	3212545	3600,000000		สร
11.2022	1078	3386136	0,000000		สร
11.2022	1078	3361589	7516,800000		สร
11.2022	1078	3129164	0,000000		สร
11.2022	1078	19436	0,000000		สร
11.2022	1078	3190867	0,000000		สร
11.2022	1078	3195931	0,000000		สร
11.2022	1078	1702938	1980,000000		สร
11.2022	1078	1743764	720,000000		สร
11.2022	1078	3410305	54,000000		สร
11.2022	1078	3414202	300,000000		สร
11.2022	1078	3415778	0,000000		สร
11.2022	1078	3425196	1,980000		สร
11.2022	1078	3411956	1296,000000		สร
11.2022	1078	3430577	0,000000		สร
11.2022	1078	3425143	62,400000		สร
11.2022	1078	3425142	0,000000		สร
11.2022	1078	3425132	0,000000		สร
11.2022	1078	3425187	0,000000		สร
11.2022	1078	3351732	156,600000		สร
11.2022	1078	3425192	12,480000		สร
11.2022	1078	3195622	1330,000000		สร
11.2022	1078	3411947	5040,000000		สร
11.2022	1078	3413179	0,000000		สร
11.2022	1078	3425180	62,400000		สร
11.2022	1078	3442674	18150,000000		สร
11.2022	1078	3425191	80,000000		สร
11.2022	1078	3131847	2285,304000		สร
11.2022	1078	3450108	21960,000000		สร
11.2022	1078	3409785	174,000000		สร
11.2022	1078	3457330	208600,000000		สร
11.2022	1078	3457332	46725,000000		สร
11.2022	1078	3460188	268600,000000		สร
11.2022	1078	3451563	5580,300000		สร
11.2022	1078	3425177	0,000000		สร
11.2022	1078	3464393	10360,000000		สร
11.2022	1078	3463777	37230,000000		สร
11.2022	1078	3451596	754,080000		สร
11.2022	1078	3425186	72,000000		สร
11.2022	1078	3459269	47520,000000		สร
11.2022	1078	3149273	864,000000		สร
