01.12.2022	1078	3439774	9800,000000	สร
01.12.2022	1078	3483060	2160,000000	สร
01.12.2022	1078	3483062	1260,000000	สร
02.12.2022	1078	227327	2550,000000	สร
03.12.2022	1078	1782601	1530,000000	สร
03.12.2022	1078	227325	154080,000000	สร
03.12.2022	1078	3430579	407,100000	สร
03.12.2022	1078	3481930	414,000000	สร
03.12.2022	1078	3482070	3387,900000	สร
04.12.2022	1078	193127	46920,000000	สร
04.12.2022	1078	3186522	820,800000	สร
12.2022	1078	103814	178,000000	สร
12.2022	1078	11466	135,000000	สร
12.2022	1078	11632	12395,000000	สร
12.2022	1078	12722	74185,000000	สร
12.2022	1078	12934	9360,000000	สร
12.2022	1078	12938	44100,000000	สร
12.2022	1078	1358614	131350,000000	สร
12.2022	1078	1375640	12160,000000	สร
12.2022	1078	1393993	17170,000000	สร
12.2022	1078	1407619	180,000000	สร
12.2022	1078	1407621	17640,000000	สร
12.2022	1078	1447416	14400,000000	สร
12.2022	1078	1454960	8028,000000	สร
12.2022	1078	1454963	2175,200000	สร
12.2022	1078	1454966	1620,000000	สร
12.2022	1078	1456002	6480,000000	สร
12.2022	1078	1456009	3060,000000	สร
12.2022	1078	1457655	1595,600000	สร
12.2022	1078	1462833	3060,000000	สร
12.2022	1078	1475202	5040,000000	สร
12.2022	1078	1475218	3420,000000	สร
12.2022	1078	1479307	480,000000	สร
12.2022	1078	1479311	480,000000	สร
12.2022	1078	14913	1440,000000	สร
12.2022	1078	1493623	720,000000	สร
12.2022	1078	14944	2664,200000	สร
12.2022	1078	1495994	12920,000000	สร
12.2022	1078	1500521	2340,000000	สร
12.2022	1078	1532472	240,000000	สร
12.2022	1078	1533112	8640,000000	สร
12.2022	1078	1534458	846,000000	สร
12.2022	1078	1558863	667,548000	สร
12.2022	1078	1558966	6120,000000	สร
12.2022	1078	1559415	20400,000000	สร
12.2022	1078	1559876	2988,000000	สร
12.2022	1078	1559936	585,000000	สร
12.2022	1078	157569	268975,000000	สร
12.2022	1078	157574	15,000000	สร
12.2022	1078	157578	8400,000000	สร
12.2022	1078	159034	180,000000	สร
12.2022	1078	159042	900,000000	สร
12.2022	1078	1595288	4,300000	สร
12.2022	1078	1595328	6564,924000	สร
12.2022	1078	1595329	612,102000	สร
12.2022	1078	1610388	563,112000	สร
12.2022	1078	1613289	12315,000000	สร
12.2022	1078	1613710	1440,000000	สร
12.2022	1078	1620696	8670,000000	สร
12.2022	1078	1625591	43400,000000	สร
12.2022	1078	1630213	630,000000	สร
12.2022	1078	1630359	28875,000000	สร
12.2022	1078	1634684	7710,000000	สร
12.2022	1078	1640552	4440,000000	สร
12.2022	1078	1642534	288,000000	สร
12.2022	1078	1649469	6660,000000	สร
12.2022	1078	1668255	2585,424000	สร
12.2022	1078	1668259	8236,256000	สร
12.2022	1078	1676480	2898,000000	สร
12.2022	1078	1678966	2880,000000	สร
12.2022	1078	1682080	648,000000	สร
12.2022	1078	1682082	11340,000000	สร
12.2022	1078	1683355	6120,000000	สร
12.2022	1078	1683356	2160,000000	สร
12.2022	1078	1695270	320,000000	สร
12.2022	1078	1702938	720,000000	สร
12.2022	1078	1708250	18180,000000	สร
12.2022	1078	1713076	1944,000000	สร
12.2022	1078	1719144	15925,000000	สร
12.2022	1078	1720234	17,000000	สร
12.2022	1078	1720236	1,200000	สร
12.2022	1078	1728063	627,840000	สร
12.2022	1078	1729674	638,064000	สร
12.2022	1078	1729680	1139,400000	สร
12.2022	1078	1733126	2936,250000	สร
12.2022	1078	1735499	867,000000	สร
12.2022	1078	1748638	22400,000000	สร
12.2022	1078	1750383	4140,000000	สร
12.2022	1078	1750761	1440,000000	สร
12.2022	1078	1755295	2700,000000	สร
12.2022	1078	1779443	90300,000000	สร
12.2022	1078	1779449	720,000000	สร
12.2022	1078	1788808	92,295000	สร
12.2022	1078	1788810	680,000000	สร
12.2022	1078	1794476	396,000000	สร
12.2022	1078	179677	3600,000000	สร
12.2022	1078	18165	720,000000	สร
12.2022	1078	18462	4320,000000	สร
12.2022	1078	18465	3844,800000	สร
12.2022	1078	18467	211085,000000	สร
12.2022	1078	18475	4296,000000	สร
12.2022	1078	18477	168720,000000	สร
12.2022	1078	186297	32300,000000	สร
12.2022	1078	186989	3400,000000	สร
12.2022	1078	187772	120,000000	สร
12.2022	1078	187777	30,000000	สร
12.2022	1078	187780	45,000000	สร
12.2022	1078	187781	2040,000000	สร
12.2022	1078	19193	222,360000	สร
12.2022	1078	19196	447,780000	สร
12.2022	1078	19299	565,500000	สร
12.2022	1078	193127	23970,000000	สร
12.2022	1078	19435	295,008000	สร
12.2022	1078	19438	56,960000	สร
12.2022	1078	19443	541,800000	สร
12.2022	1078	19447	306,705000	สร
12.2022	1078	19491	720,000000	สร
12.2022	1078	19492	6265,000000	สร
12.2022	1078	19494	1700,000000	สร
12.2022	1078	19496	389,400000	สร
12.2022	1078	19532	573,344000	สร
12.2022	1078	1968	4440,000000	สร
12.2022	1078	1972	4810,000000	สร
12.2022	1078	1990	360,000000	สร
12.2022	1078	201198	52530,000000	สร
12.2022	1078	203936	1080,000000	สร
12.2022	1078	203955	9000,000000	สร
12.2022	1078	209736	3800,000000	สร
12.2022	1078	209753	178200,000000	สร
12.2022	1078	211086	20165,000000	สร
12.2022	1078	216935	702,000000	สร
12.2022	1078	225496	1440,000000	สร
12.2022	1078	2260	2160,000000	สร
12.2022	1078	226004	2035,000000	สร
12.2022	1078	227322	34020,000000	สร
12.2022	1078	227324	180,000000	สร
12.2022	1078	227325	2880,000000	สร
12.2022	1078	227349	1260,000000	สร
12.2022	1078	227382	880,000000	สร
12.2022	1078	2304	3885,000000	สร
12.2022	1078	3011903	360,000000	สร
12.2022	1078	3013	1110,000000	สร
12.2022	1078	3013821	220,000000	สร
12.2022	1078	3016	11655,000000	สร
12.2022	1078	3024905	136,000000	สร
12.2022	1078	3026466	480,000000	สร
12.2022	1078	3034009	3150,000000	สร
12.2022	1078	3034013	5940,000000	สร
12.2022	1078	3034018	2880,000000	สร
12.2022	1078	3051178	42840,000000	สร
12.2022	1078	3052001	40382,400000	สร
12.2022	1078	3052073	4025,000000	สร
12.2022	1078	3052109	969,600000	สร
12.2022	1078	3052110	854,400000	สร
12.2022	1078	3052116	44,200000	สร
12.2022	1078	3078136	680,000000	สร
12.2022	1078	3086271	612,000000	สร
12.2022	1078	3093378	255,000000	สร
12.2022	1078	3094524	90,000000	สร
12.2022	1078	3099319	198800,000000	สร
12.2022	1078	3111378	850,000000	สร
12.2022	1078	3112014	612,000000	สร
12.2022	1078	3112015	1224,000000	สร
12.2022	1078	3116833	180,000000	สร
12.2022	1078	3123193	2995,632000	สร
12.2022	1078	3123654	3780,000000	สร
12.2022	1078	3124195	10980,000000	สร
12.2022	1078	3129165	4680,000000	สร
12.2022	1078	3131847	348,432000	สร
12.2022	1078	3134048	180,000000	สร
12.2022	1078	3134263	7200,000000	สร
12.2022	1078	3138089	20740,000000	สร
12.2022	1078	3139470	16150,000000	สร
12.2022	1078	3141407	3420,000000	สร
12.2022	1078	3141887	2040,000000	สร
12.2022	1078	3149271	4080,000000	สร
12.2022	1078	3149273	864,000000	สร
12.2022	1078	3149863	680,000000	สร
12.2022	1078	3154933	648,000000	สร
12.2022	1078	3159718	225,000000	สร
12.2022	1078	3162299	720,000000	สร
12.2022	1078	3162304	54,000000	สร
12.2022	1078	3162848	720,000000	สร
12.2022	1078	3162849	9072,000000	สร
12.2022	1078	3166768	249,600000	สร
12.2022	1078	3166782	204,000000	สร
12.2022	1078	3166784	136,000000	สร
12.2022	1078	3166785	17,000000	สร
12.2022	1078	3166800	657,600000	สร
12.2022	1078	3171	1665,000000	สร
12.2022	1078	3179778	55200,000000	สร
12.2022	1078	3182205	818,800000	สร
12.2022	1078	3182210	2563,200000	สร
12.2022	1078	3182220	3206,400000	สร
12.2022	1078	3182464	1680,000000	สร
12.2022	1078	3182475	3544,800000	สร
12.2022	1078	3186380	1687,800000	สร
12.2022	1078	3186387	2065,000000	สร
12.2022	1078	3186390	830,400000	สร
12.2022	1078	3186522	2462,400000	สร
12.2022	1078	3187433	2640,000000	สร
12.2022	1078	3187561	864,000000	สร
12.2022	1078	3188223	156800,000000	สร
12.2022	1078	3190344	1810,350000	สร
12.2022	1078	3190350	27064,125000	สร
12.2022	1078	3190352	10103,940000	สร
12.2022	1078	3190357	24334,770000	สร
12.2022	1078	3190361	2408,400000	สร
12.2022	1078	3190877	3056,400000	สร
12.2022	1078	3194693	3296,160000	สร
12.2022	1078	3194696	89,145000	สร
12.2022	1078	3194697	1653,493000	สร
12.2022	1078	3194708	305,640000	สร
12.2022	1078	3195619	840,000000	สร
12.2022	1078	3195622	1330,000000	สร
12.2022	1078	3202097	175,000000	สร
12.2022	1078	3205479	2009,448000	สร
12.2022	1078	3205492	400,000000	สร
12.2022	1078	3206930	540,000000	สร
12.2022	1078	3206931	648,000000	สร
12.2022	1078	3206932	3618,000000	สร
12.2022	1078	3206933	13464,000000	สร
12.2022	1078	3206938	1260,000000	สร
12.2022	1078	3208053	380,000000	สร
12.2022	1078	3208057	470,000000	สร
12.2022	1078	3212545	3600,000000	สร
12.2022	1078	3228246	2610,000000	สร
12.2022	1078	3240415	21600,000000	สร
12.2022	1078	3240655	4930,000000	สร
12.2022	1078	3240860	350,000000	สร
12.2022	1078	3240877	6800,000000	สร
12.2022	1078	3241273	55200,000000	สร
12.2022	1078	3241681	180,000000	สร
12.2022	1078	3241808	5250,000000	สร
12.2022	1078	3244502	854,400000	สร
12.2022	1078	3247343	2299,170000	สร
12.2022	1078	3252034	40,800000	สร
12.2022	1078	3253427	8707,200000	สร
12.2022	1078	3255225	26316,000000	สร
12.2022	1078	3285629	740,000000	สร
12.2022	1078	3285648	6120,000000	สร
12.2022	1078	3299025	4500,000000	สร
12.2022	1078	3339432	19,200000	สร
12.2022	1078	3346408	200,000000	สร
12.2022	1078	3351243	510,000000	สร
12.2022	1078	3351244	240,000000	สร
12.2022	1078	3351571	22749,500000	สร
12.2022	1078	3351732	156,600000	สร
12.2022	1078	3353855	850,000000	สร
12.2022	1078	3361589	7516,800000	สร
12.2022	1078	3373956	16000,000000	สร
12.2022	1078	3378362	31080,000000	สร
12.2022	1078	3378369	175,000000	สร
12.2022	1078	3378477	52540,000000	สร
12.2022	1078	3409785	174,000000	สร
12.2022	1078	3410305	17982,000000	สร
12.2022	1078	3411947	10800,000000	สร
12.2022	1078	3411956	1296,000000	สร
12.2022	1078	3414202	2100,000000	สร
12.2022	1078	3425143	62,400000	สร
12.2022	1078	3425177	124,800000	สร
12.2022	1078	3425186	75,600000	สร
12.2022	1078	3425191	44,000000	สร
12.2022	1078	3425192	124,800000	สร
12.2022	1078	3425196	1,980000	สร
12.2022	1078	3442674	18150,000000	สร
12.2022	1078	3448703	1600,000000	สร
12.2022	1078	3449065	213600,000000	สร
12.2022	1078	3449066	80800,000000	สร
12.2022	1078	3449067	157400,000000	สร
12.2022	1078	3449069	111600,000000	สร
12.2022	1078	3449070	1600,000000	สร
12.2022	1078	3449071	11400,000000	สร
12.2022	1078	3449072	6400,000000	สร
12.2022	1078	3449073	4200,000000	สร
12.2022	1078	3449074	3040,000000	สร
12.2022	1078	3449075	27540,000000	สร
12.2022	1078	3450108	2160,000000	สร
12.2022	1078	3450560	400,000000	สร
12.2022	1078	3450817	5800,000000	สร
12.2022	1078	3452076	40950,000000	สร
12.2022	1078	3453135	55080,000000	สร
12.2022	1078	3456579	109650,000000	สร
12.2022	1078	3457330	14000,000000	สร
12.2022	1078	3457332	2800,000000	สร
12.2022	1078	3459256	4000,000000	สร
12.2022	1078	3459269	101520,000000	สร
12.2022	1078	3459270	77168,000000	สร
12.2022	1078	3460188	164560,000000	สร
12.2022	1078	3462323	739,200000	สร
12.2022	1078	3463777	37230,000000	สร
12.2022	1078	3465774	16000,000000	สร
12.2022	1078	3465776	32000,000000	สร
12.2022	1078	3465777	13600,000000	สร
12.2022	1078	3466614	26000,000000	สร
12.2022	1078	3468369	23800,000000	สร
12.2022	1078	3474397	850,000000	สร
12.2022	1078	3476457	763,200000	สร
12.2022	1078	5002815	437,400000	สร
