02.04.2022	1078	12722	2220,000000		สร
02.04.2022	1078	157569	74900,000000		สร
02.04.2022	1078	1620696	9180,000000		สร
02.04.2022	1078	3190203	25344,000000		สร
03.04.2022	1078	1968	11100,000000		สร
03.04.2022	1078	3138089	56440,000000		สร
03.04.2022	1078	3186387	7560,000000		สร
03.04.2022	1078	3182464	1680,000000		สร
03.04.2022	1078	3052073	5040,000000		สร
04.04.2022	1078	157569	232400,000000		สร
04.04.2022	1078	1475218	5040,000000		สร
04.04.2022	1078	227325	40320,000000		สร
04.04.2022	1078	3190203	25344,000000		สร
04.2022	1078	3171	138935,000000		สร
04.2022	1078	1972	185,000000		สร
04.2022	1078	3013	1110,000000		สร
04.2022	1078	12938	66780,000000		สร
04.2022	1078	12722	22200,000000		สร
04.2022	1078	1990	360,000000		สร
04.2022	1078	13571	3400,000000		สร
04.2022	1078	13574	4250,000000		สร
04.2022	1078	19196	737,520000		สร
04.2022	1078	14913	61740,000000		สร
04.2022	1078	19193	248,520000		สร
04.2022	1078	19443	3457,200000		สร
04.2022	1078	19435	295,008000		สร
04.2022	1078	18467	118215,000000		สร
04.2022	1078	18477	302660,000000		สร
04.2022	1078	18478	5100,000000		สร
04.2022	1078	18165	720,000000		สร
04.2022	1078	19447	306,705000		สร
04.2022	1078	19438	56,960000		สร
04.2022	1078	19299	1400,700000		สร
04.2022	1078	19455	180,000000		สร
04.2022	1078	19306	1181,250000		สร
04.2022	1078	19491	4320,000000		สร
04.2022	1078	142513	5920,000000		สร
04.2022	1078	157578	335125,000000		สร
04.2022	1078	157569	115500,000000		สร
04.2022	1078	157575	1700,000000		สร
04.2022	1078	157574	15,000000		สร
04.2022	1078	159034	180,000000		สร
04.2022	1078	159042	1620,000000		สร
04.2022	1078	187772	120,000000		สร
04.2022	1078	187777	30,000000		สร
04.2022	1078	187780	45,000000		สร
04.2022	1078	187781	2940,000000		สร
04.2022	1078	18462	30240,000000		สร
04.2022	1078	18472	8460,000000		สร
04.2022	1078	193360	5400,000000		สร
04.2022	1078	19539	0,000000		สร
04.2022	1078	19532	573,344000		สร
04.2022	1078	19434	0,000000		สร
04.2022	1078	226133	0,000000		สร
04.2022	1078	227082	4698,000000		สร
04.2022	1078	225381	-4,455000		สร
04.2022	1078	227339	0,000000		สร
04.2022	1078	225572	2880,000000		สร
04.2022	1078	1364075	300,000000		สร
04.2022	1078	225562	720,000000		สร
04.2022	1078	211086	555,000000		สร
04.2022	1078	12934	9360,000000		สร
04.2022	1078	3016	16095,000000		สร
04.2022	1078	2304	7585,000000		สร
04.2022	1078	1462833	42480,000000		สร
04.2022	1078	1475218	29160,000000		สร
04.2022	1078	1393993	52190,000000		สร
04.2022	1078	1456009	5220,000000		สร
04.2022	1078	1434203	48240,000000		สร
04.2022	1078	203951	23760,000000		สร
04.2022	1078	1452204	234,000000		สร
04.2022	1078	1456002	0,000000		สร
04.2022	1078	1493623	20880,000000		สร
04.2022	1078	1500521	2340,000000		สร
04.2022	1078	18475	14606,400000		สร
04.2022	1078	1488718	0,000000		สร
04.2022	1078	1526452	697,000000		สร
04.2022	1078	1454966	0,000000		สร
04.2022	1078	1454960	4122,000000		สร
04.2022	1078	1968	20535,000000		สร
04.2022	1078	1479308	558,000000		สร
04.2022	1078	226004	555,000000		สร
04.2022	1078	1540801	678,132000		สร
04.2022	1078	227325	115200,000000		สร
04.2022	1078	227322	36180,000000		สร
04.2022	1078	1456008	0,000000		สร
04.2022	1078	1559415	20400,000000		สร
04.2022	1078	227324	180,000000		สร
04.2022	1078	1559625	855,000000		สร
04.2022	1078	1559936	585,000000		สร
04.2022	1078	11850	17460,000000		สร
04.2022	1078	1595288	43,000000		สร
04.2022	1078	16267	185,000000		สร
04.2022	1078	1457655	355,200000		สร
04.2022	1078	1558970	1224,000000		สร
04.2022	1078	1558966	720,000000		สร
04.2022	1078	1407624	1800,000000		สร
04.2022	1078	1606861	22950,000000		สร
04.2022	1078	1613289	10455,000000		สร
04.2022	1078	1606860	4250,000000		สร
04.2022	1078	1620698	22400,000000		สร
04.2022	1078	1620696	8160,000000		สร
04.2022	1078	1626135	2250,000000		สร
04.2022	1078	1454963	292,800000		สร
04.2022	1078	1595328	6648,156000		สร
04.2022	1078	1559874	180,000000		สร
04.2022	1078	1613709	15300,000000		สร
04.2022	1078	1613710	1620,000000		สร
04.2022	1078	1613716	90,000000		สร
04.2022	1078	1559876	216,000000		สร
04.2022	1078	1610388	563,112000		สร
04.2022	1078	203955	0,000000		สร
04.2022	1078	1539486	610,560000		สร
04.2022	1078	1634684	10650,000000		สร
04.2022	1078	12937	3240,000000		สร
04.2022	1078	1617205	238,000000		สร
04.2022	1078	1625591	53550,000000		สร
04.2022	1078	1615400	4950,000000		สร
04.2022	1078	1613715	162,000000		สร
04.2022	1078	1630213	180,000000		สร
04.2022	1078	1649469	13875,000000		สร
04.2022	1078	1662608	340,000000		สร
04.2022	1078	1666080	374,000000		สร
04.2022	1078	1559664	180,000000		สร
04.2022	1078	1407621	180,000000		สร
04.2022	1078	1359720	680,000000		สร
04.2022	1078	1676480	0,000000		สร
04.2022	1078	1682082	7920,000000		สร
04.2022	1078	202140	180,000000		สร
04.2022	1078	2253	0,000000		สร
04.2022	1078	1534458	2574,000000		สร
04.2022	1078	1615722	3240,000000		สร
04.2022	1078	1683356	0,000000		สร
04.2022	1078	2260	20160,000000		สร
04.2022	1078	1640552	0,000000		สร
04.2022	1078	1338295	3669,120000		สร
04.2022	1078	1709854	68,000000		สร
04.2022	1078	1683355	3060,000000		สร
04.2022	1078	1719017	1258,560000		สร
04.2022	1078	1719012	1982,232000		สร
04.2022	1078	1719023	4762,800000		สร
04.2022	1078	1719025	3240,000000		สร
04.2022	1078	1728064	71220,600000		สร
04.2022	1078	1558960	17460,000000		สร
04.2022	1078	1728061	67241,664000		สร
04.2022	1078	1728063	62784,000000		สร
04.2022	1078	1682080	0,000000		สร
04.2022	1078	1720235	0,000000		สร
04.2022	1078	14976	700,000000		สร
04.2022	1078	1720234	1207,000000		สร
04.2022	1078	1702934	57,600000		สร
04.2022	1078	1735499	255,000000		สร
04.2022	1078	1683341	28,800000		สร
04.2022	1078	1713076	0,000000		สร
04.2022	1078	1748638	3850,000000		สร
04.2022	1078	193127	3740,000000		สร
04.2022	1078	1683006	360,000000		สร
04.2022	1078	195107	0,000000		สร
04.2022	1078	1670488	2836,616000		สร
04.2022	1078	1670489	355,776000		สร
04.2022	1078	1668258	2094,504000		สร
04.2022	1078	1668259	10206,720000		สร
04.2022	1078	1533112	0,000000		สร
04.2022	1078	1668255	2585,424000		สร
04.2022	1078	1668254	466,224000		สร
04.2022	1078	1755380	1500,000000		สร
04.2022	1078	1793899	13003,200000		สร
04.2022	1078	1793335	7308,000000		สร
04.2022	1078	1793469	735,600000		สร
04.2022	1078	1729680	1139,400000		สร
04.2022	1078	132615	0,000000		สร
04.2022	1078	1532472	398,400000		สร
04.2022	1078	1595329	655,452000		สร
04.2022	1078	11632	4255,000000		สร
04.2022	1078	1793140	38,400000		สร
04.2022	1078	186612	109,568000		สร
04.2022	1078	1683353	540,000000		สร
04.2022	1078	3014385	0,000000		สร
04.2022	1078	3025332	71380,000000		สร
04.2022	1078	3013821	0,000000		สร
04.2022	1078	1683352	0,000000		สร
04.2022	1078	1782082	8640,000000		สร
04.2022	1078	3014339	23275,000000		สร
04.2022	1078	1748233	432,000000		สร
04.2022	1078	3034009	2450,000000		สร
04.2022	1078	3033626	33660,000000		สร
04.2022	1078	1779443	36400,000000		สร
04.2022	1078	186989	1700,000000		สร
04.2022	1078	1793687	0,000000		สร
04.2022	1078	3078136	680,000000		สร
04.2022	1078	1479372	0,000000		สร
04.2022	1078	3093378	255,000000		สร
04.2022	1078	201198	21080,000000		สร
04.2022	1078	3099319	25025,000000		สร
04.2022	1078	3046981	360,000000		สร
04.2022	1078	3111378	2890,000000		สร
04.2022	1078	3112015	1224,000000		สร
04.2022	1078	227382	880,000000		สร
04.2022	1078	1755295	0,000000		สร
04.2022	1078	3094095	0,000000		สร
04.2022	1078	3094094	340,000000		สร
04.2022	1078	3123193	4999,752000		สร
04.2022	1078	1372283	0,000000		สร
04.2022	1078	13611	4440,000000		สร
04.2022	1078	3114076	720,000000		สร
04.2022	1078	3124196	1080,000000		สร
04.2022	1078	1630359	825,000000		สร
04.2022	1078	3131847	3822,504000		สร
04.2022	1078	3138089	107100,000000		สร
04.2022	1078	3139470	16150,000000		สร
04.2022	1078	1798407	11638,080000		สร
04.2022	1078	3124195	13320,000000		สร
04.2022	1078	3141407	540,000000		สร
04.2022	1078	17775	4070,000000		สร
04.2022	1078	1468423	1440,000000		สร
04.2022	1078	1678966	0,000000		สร
04.2022	1078	3167409	0,000000		สร
04.2022	1078	3018024	0,000000		สร
04.2022	1078	1788810	697,000000		สร
04.2022	1078	3181974	7200,000000		สร
04.2022	1078	3166800	2025,600000		สร
04.2022	1078	3166783	0,000000		สร
04.2022	1078	3166785	0,000000		สร
04.2022	1078	3162304	648,000000		สร
04.2022	1078	3183646	1156,000000		สร
04.2022	1078	3162849	1296,000000		สร
04.2022	1078	19492	10920,000000		สร
04.2022	1078	19496	2548,800000		สร
04.2022	1078	1558863	667,548000		สร
04.2022	1078	3182210	2563,200000		สร
04.2022	1078	3180965	2577,600000		สร
04.2022	1078	17363	696,000000		สร
04.2022	1078	3182220	36873,600000		สร
04.2022	1078	3181225	400,200000		สร
04.2022	1078	3183469	721,600000		สร
04.2022	1078	3182475	806,400000		สร
04.2022	1078	3051178	7560,000000		สร
04.2022	1078	3180677	198,000000		สร
04.2022	1078	3187433	2358,400000		สร
04.2022	1078	3186380	887,400000		สร
04.2022	1078	3052073	1715,000000		สร
04.2022	1078	3180679	0,000000		สร
04.2022	1078	3052001	41241,600000		สร
04.2022	1078	3190350	27064,125000		สร
04.2022	1078	3190352	10103,940000		สร
04.2022	1078	3190357	24334,770000		สร
04.2022	1078	3190203	25344,000000		สร
04.2022	1078	3187549	17,700000		สร
04.2022	1078	1788808	92,295000		สร
04.2022	1078	3194041	16615,200000		สร
04.2022	1078	3194697	1653,493000		สร
04.2022	1078	3194696	89,145000		สร
04.2022	1078	3194708	305,640000		สร
04.2022	1078	3148656	0,000000		สร
04.2022	1078	1729674	638,064000		สร
04.2022	1078	3194693	3296,160000		สร
04.2022	1078	3190361	2408,400000		สร
04.2022	1078	3205479	2009,448000		สร
04.2022	1078	3187431	0,000000		สร
04.2022	1078	3011903	360,000000		สร
04.2022	1078	3206930	540,000000		สร
04.2022	1078	3206933	2160,000000		สร
04.2022	1078	1779449	720,000000		สร
04.2022	1078	3206931	396,000000		สร
04.2022	1078	3206932	1647,000000		สร
04.2022	1078	3201284	0,000000		สร
04.2022	1078	3201295	0,000000		สร
04.2022	1078	3186390	10207,000000		สร
04.2022	1078	3150660	1638,792000		สร
04.2022	1078	3149878	613,440000		สร
04.2022	1078	3052109	969,600000		สร
04.2022	1078	5002815	437,400000		สร
04.2022	1078	3052110	854,400000		สร
04.2022	1078	3148657	0,000000		สร
04.2022	1078	3227110	360,000000		สร
04.2022	1078	3134048	180,000000		สร
04.2022	1078	3228245	0,000000		สร
04.2022	1078	3228246	12294,000000		สร
04.2022	1078	3219525	0,000000		สร
04.2022	1078	3148639	0,000000		สร
04.2022	1078	3240415	0,000000		สร
04.2022	1078	3162299	1260,000000		สร
04.2022	1078	3239129	432,000000		สร
04.2022	1078	3240860	1400,000000		สร
04.2022	1078	3240655	4080,000000		สร
04.2022	1078	3190343	643,680000		สร
04.2022	1078	3190344	1810,350000		สร
04.2022	1078	3190877	3056,400000		สร
04.2022	1078	3247343	2299,170000		สร
04.2022	1078	1642534	288,000000		สร
04.2022	1078	3206938	360,000000		สร
04.2022	1078	3244502	854,400000		สร
04.2022	1078	19466	854,400000		สร
04.2022	1078	3241681	180,000000		สร
04.2022	1078	3233425	0,000000		สร
04.2022	1078	103814	178,000000		สร
04.2022	1078	3206940	720,000000		สร
04.2022	1078	3158029	0,000000		สร
04.2022	1078	3205490	1127,400000		สร
04.2022	1078	3208056	869,500000		สร
04.2022	1078	3208057	183,300000		สร
04.2022	1078	3208052	1090,400000		สร
04.2022	1078	3018881	0,000000		สร
04.2022	1078	3285629	0,000000		สร
04.2022	1078	1479311	406,400000		สร
04.2022	1078	3052116	44,200000		สร
04.2022	1078	1479309	0,000000		สร
04.2022	1078	3236500	0,000000		สร
04.2022	1078	3252034	40,800000		สร
04.2022	1078	3205491	360,000000		สร
04.2022	1078	3205492	512,000000		สร
04.2022	1078	3293500	4760,000000		สร
04.2022	1078	3299025	7920,000000		สร
04.2022	1078	3024905	136,000000		สร
04.2022	1078	3024911	0,000000		สร
04.2022	1078	3024941	0,000000		สร
04.2022	1078	3024949	0,000000		สร
04.2022	1078	3024952	1062,000000		สร
04.2022	1078	3112014	0,000000		สร
04.2022	1078	3240861	875,000000		สร
04.2022	1078	3351571	26849,600000		สร
04.2022	1078	1766223	0,000000		สร
04.2022	1078	3353855	850,000000		สร
04.2022	1078	3351243	680,000000		สร
04.2022	1078	3339432	38,400000		สร
04.2022	1078	3189410	13772,500000		สร
04.2022	1078	3347071	46388,400000		สร
04.2022	1078	216935	5904,000000		สร
04.2022	1078	209330	6800,000000		สร
04.2022	1078	3048591	510,000000		สร
04.2022	1078	3378477	36630,000000		สร
04.2022	1078	3378362	78070,000000		สร
04.2022	1078	3378369	4375,000000		สร
04.2022	1078	3212540	0,000000		สร
04.2022	1078	3212545	3600,000000		สร
04.2022	1078	3386136	0,000000		สร
04.2022	1078	3361589	9187,200000		สร
04.2022	1078	3129164	2880,000000		สร
04.2022	1078	19436	0,000000		สร
04.2022	1078	3190867	0,000000		สร
04.2022	1078	3403292	201450,000000		สร
04.2022	1078	3195931	0,000000		สร
04.2022	1078	3412154	700,000000		สร
04.2022	1078	3412156	175,000000		สร
04.2022	1078	3412157	1050,000000		สร
04.2022	1078	3412159	2450,000000		สร
04.2022	1078	3412160	350,000000		สร
04.2022	1078	3412161	1225,000000		สร
04.2022	1078	3412162	180,000000		สร
04.2022	1078	3414202	4200,000000		สร
04.2022	1078	3425196	81,400000		สร
05.04.2022	1078	1620696	10030,000000		สร
05.04.2022	1078	3179778	4000,000000		สร
06.04.2022	1078	18467	45880,000000		สร
06.04.2022	1078	19491	60480,000000		สร
06.04.2022	1078	3194079	9433,300000		สร
06.04.2022	1078	3299025	10080,000000		สร
06.04.2022	1078	3351571	19929,600000		สร
06.04.2022	1078	3189410	5880,000000		สร
07.04.2022	1078	19491	60480,000000		สร
07.04.2022	1078	18465	21360,000000		สร
07.04.2022	1078	1407621	2880,000000		สร
07.04.2022	1078	3033626	28080,000000		สร
08.04.2022	1078	14918	4320,000000		สร
08.04.2022	1078	14913	25200,000000		สร
08.04.2022	1078	1475202	16560,000000		สร
08.04.2022	1078	1475218	13860,000000		สร
08.04.2022	1078	12937	7200,000000		สร
08.04.2022	1078	1407621	1440,000000		สร
08.04.2022	1078	3190203	3379,200000		สร
09.04.2022	1078	18477	26640,000000		สร
09.04.2022	1078	227349	25200,000000		สร
09.04.2022	1078	1779443	68600,000000		สร
09.04.2022	1078	3356352	5011,200000		สร
10.04.2022	1078	19496	4248,000000		สร
11.04.2022	1078	3033626	30240,000000		สร
12.04.2022	1078	19491	70560,000000		สร
12.04.2022	1078	3052073	5040,000000		สร
13.04.2022	1078	13571	5100,000000		สร
13.04.2022	1078	227325	110880,000000		สร
13.04.2022	1078	11632	14800,000000		สร
13.04.2022	1078	3166784	68,000000		สร
13.04.2022	1078	3166782	68,000000		สร
13.04.2022	1078	3182210	4272,000000		สร
13.04.2022	1078	3208057	380,700000		สร
14.04.2022	1078	3166741	811,200000		สร
14.04.2022	1078	3166768	1563,120000		สร
14.04.2022	1078	3182475	14515,200000		สร
14.04.2022	1078	3166763	1940,640000		สร
14.04.2022	1078	3208053	228,000000		สร
15.04.2022	1078	1495994	85000,000000		สร
15.04.2022	1078	11632	14060,000000		สร
15.04.2022	1078	3351571	8304,000000		สร
15.04.2022	1078	3184781	1651,200000		สร
16.04.2022	1078	14913	30240,000000		สร
16.04.2022	1078	1407624	35280,000000		สร
16.04.2022	1078	3194041	12280,800000		สร
16.04.2022	1078	3425196	11,000000		สร
17.04.2022	1078	19491	35280,000000		สร
17.04.2022	1078	1462833	40320,000000		สร
17.04.2022	1078	3299025	30240,000000		สร
18.04.2022	1078	3189410	4200,000000		สร
