04.2022 	198349 	1772459 	2256 	 	สร 	
04.2022 	198349 	1773324 	1728 	 	สร 	
04.2022 	198349 	1773132 	5472 	 	สร 	
04.2022 	198349 	1772513 	17568 	 	สร 	
04.2022 	198349 	1653681 	240 	 	สร 	
04.2022 	198349 	1653679 	576 	 	สร 	
04.2022 	198349 	1772987 	18480 	 	สร 	
04.2022 	198349 	1773129 	864 	 	สร 	
04.2022 	198349 	3015072 	1104 	 	สร 	
04.2022 	198349 	1773237 	432 	 	สร 	
04.2022 	198349 	1653669 	336 	 	สร 	
04.2022 	198349 	1772706 	8016 	 	สร 	
04.2022 	198349 	1773001 	3744 	 	สร 	
04.2022 	198349 	3051127 	13248 	 	สร 	
04.2022 	198349 	3064773 	624 	 	สร 	
04.2022 	198349 	3064533 	3168 	 	สร 	
04.2022 	198349 	3064744 	480 	 	สร 	
04.2022 	198349 	3149860 	288 	 	สร 	
04.2022 	198349 	3149386 	5760 	 	สร 	
04.2022 	198349 	3149892 	7632 	 	สร 	
04.2022 	198349 	3148648 	576 	 	สร 	
04.2022 	198349 	3163042 	48 	 	สร 	
04.2022 	198349 	3173839 	864 	 	สร 	
04.2022 	198349 	3149926 	1008 	 	สร 	
04.2022 	198349 	3173879 	432 	 	สร 	
04.2022 	198349 	3173720 	288 	 	สร 	
04.2022 	198349 	3173874 	288 	 	สร 	
04.2022 	198349 	3210403 	5266,8 	 	สร 	
04.2022 	198349 	3210427 	2222,4 	 	สร 	
04.2022 	198349 	3210428 	1961,4 	 	สร 	
04.2022 	198349 	3206651 	2304 	 	สร 	
04.2022 	198349 	1773359 	576 	 	สร 	
04.2022 	198349 	3255193 	480 	 	สร 	
04.2022 	198349 	3257068 	1104 	 	สร 	
04.2022 	198349 	3257474 	1152 	 	สร 	
04.2022 	198349 	19443 	53844,6 	 	สร 	
04.2022 	198349 	19447 	10201,275 	 	สร 	
04.2022 	198349 	19196 	56512,47 	 	สร 	
04.2022 	198349 	19193 	281612,4 	 	สร 	
04.2022 	198349 	225279 	13040,76 	 	สร 	
04.2022 	198349 	19436 	54734,52 	 	สร 	
04.2022 	198349 	19186 	68098,8 	 	สร 	
04.2022 	198349 	19432 	532,4 	 	สร 	
04.2022 	198349 	19300 	20349,175 	 	สร 	
04.2022 	198349 	19299 	32664,15 	 	สร 	
04.2022 	198349 	189371 	8325,9 	 	สร 	
04.2022 	198349 	157673 	588,72 	 	สร 	
04.2022 	198349 	19309 	53372,64 	 	สร 	
04.2022 	198349 	19306 	27234,375 	 	สร 	
04.2022 	198349 	1552345 	93,03 	 	สร 	
04.2022 	198349 	1552367 	26,58 	 	สร 	
04.2022 	198349 	1552390 	1588,125 	 	สร 	
04.2022 	198349 	1595288 	322,5 	 	สร 	
04.2022 	198349 	1553213 	16610,37 	 	สร 	
04.2022 	198349 	1478461 	1206,335 	 	สร 	
04.2022 	198349 	1607013 	114,615 	 	สร 	
04.2022 	198349 	1606368 	445,725 	 	สร 	
04.2022 	198349 	1612617 	3574,2 	 	สร 	
04.2022 	198349 	1660838 	469,8 	 	สร 	
04.2022 	198349 	1722441 	235,17 	 	สร 	
04.2022 	198349 	1728064 	37081,8 	 	สร 	
04.2022 	198349 	1728066 	13630,95 	 	สร 	
04.2022 	198349 	1660614 	2286,9 	 	สร 	
04.2022 	198349 	1760511 	4127,94 	 	สร 	
04.2022 	198349 	1779669 	445,725 	 	สร 	
04.2022 	198349 	207480 	254,7 	 	สร 	
04.2022 	198349 	1664419 	3798 	 	สร 	
04.2022 	198349 	1712952 	3396,9 	 	สร 	
04.2022 	198349 	3037346 	7284,6 	 	สร 	
04.2022 	198349 	3045852 	315 	 	สร 	
04.2022 	198349 	3037848 	580,98 	 	สร 	
04.2022 	198349 	1712896 	244,815 	 	สร 	
04.2022 	198349 	1599942 	153,36 	 	สร 	
04.2022 	198349 	1558865 	331,125 	 	สร 	
04.2022 	198349 	3194702 	3813,48 	 	สร 	
04.2022 	198349 	3194698 	1838,16 	 	สร 	
04.2022 	198349 	227065 	4,445 	 	สร 	
04.2022 	198349 	3156672 	13,17 	 	สร 	
04.2022 	198349 	1697771 	39,105 	 	สร 	
04.2022 	198349 	3347071 	41107,5 	 	สร 	
04.2022 	198349 	3347423 	1771,875 	 	สร 	
04.2022 	198349 	3347438 	14951,25 	 	สร 	
04.2022 	198349 	3347069 	68578,95 	 	สร 	
04.2022 	198349 	3347068 	4752 	 	สร 	
04.2022 	198349 	3347418 	19575,78 	 	สร 	
04.2022 	198349 	227082 	2636,1 	 	สร 	
04.2022 	198349 	3347077 	2286,9 	 	สร 	
04.2022 	198349 	3347416 	8889,75 	 	สร 	
04.2022 	198349 	227089 	239,22 	 	สร 	
04.2022 	198349 	1372207 	155,52 	 	สร 	
04.2022 	198349 	3152433 	5323,56 	 	สร 	
04.2022 	198349 	3356415 	4063,5 	 	สร 	
04.2022 	198349 	3347421 	51,84 	 	สร 	
04.2022 	198349 	3190876 	587,25 	 	สร 	
04.2022 	198349 	1697778 	398,7 	 	สร 	
04.2022 	198349 	3190873 	13,29 	 	สร 	
04.2022 	198349 	1559930 	465,15 	 	สร 	
04.2022 	198349 	3400238 	527,085 	 	สร 	
04.2022 	198349 	3194694 	26395,44 	 	สร 	
04.2022 	198349 	1396895 	656,38 	 	สร 	
04.2022 	198349 	225380 	392,92 	 	สร 	
04.2022 	198349 	225381 	302,94 	 	สร 	
04.2022 	198349 	1505352 	58208,4 	 	สร 	
04.2022 	198349 	3046442 	313,2 	 	สร 	
04.2022 	198349 	3046454 	1211,64 	 	สร 	
04.2022 	198349 	3158548 	4036,8 	 	สร 	
04.2022 	198349 	3158544 	3599,76 	 	สร 	
04.2022 	198349 	1685797 	3941,44 	 	สร 	
04.2022 	198349 	1685790 	2105,52 	 	สร 	
04.2022 	198349 	1686401 	5471,24 	 	สร 	
04.2022 	198349 	3195784 	4140,38 	 	สร 	
04.2022 	198349 	3233942 	92218,38 	 	สร 	
04.2022 	198349 	3233953 	38203,2 	 	สร 	
04.2022 	198349 	3233947 	10596,6 	 	สร 	
04.2022 	198349 	3233973 	6552 	 	สร 	
04.2022 	198349 	3298439 	10648,8 	 	สร 	
04.2022 	198349 	2983 	258 	 	สร 	
04.2022 	198349 	18471 	18576 	 	สร 	
04.2022 	198349 	18461 	15480 	 	สร 	
04.2022 	198349 	18476 	54438 	 	สร 	
04.2022 	198349 	18466 	18576 	 	สร 	
04.2022 	198349 	19553 	11825 	 	สร 	
04.2022 	198349 	14917 	2709 	 	สร 	
04.2022 	198349 	14912 	6192 	 	สร 	
04.2022 	198349 	14907 	2064 	 	สร 	
04.2022 	198349 	222066 	430 	 	สร 	
04.2022 	198349 	19497 	11868 	 	สร 	
04.2022 	198349 	19493 	50052 	 	สร 	
04.2022 	198349 	196764 	473 	 	สร 	
04.2022 	198349 	1552371 	13416 	 	สร 	
04.2022 	198349 	1595287 	516 	 	สร 	
04.2022 	198349 	1552359 	1849 	 	สร 	
04.2022 	198349 	1553214 	19608 	 	สร 	
04.2022 	198349 	19542 	3354 	 	สร 	
04.2022 	198349 	14927 	129 	 	สร 	
04.2022 	198349 	19440 	1032 	 	สร 	
04.2022 	198349 	3420629 	14448 	 	สร 	
04.2022 	198349 	207465 	26424,276 	 	สร 	
04.2022 	198349 	196256 	6706,944 	 	สร 	
04.2022 	198349 	191353 	7590,576 	 	สร 	
04.2022 	198349 	19551 	8918,976 	 	สร 	
04.2022 	198349 	1719029 	5195,52 	 	สร 	
04.2022 	198349 	19545 	71,04 	 	สร 	
04.2022 	198349 	19540 	15595,2 	 	สร 	
04.2022 	198349 	19532 	3426,08 	 	สร 	
04.2022 	198349 	19442 	39298,56 	 	สร 	
04.2022 	198349 	19446 	22673,056 	 	สร 	
04.2022 	198349 	19195 	24601,56 	 	สร 	
04.2022 	198349 	19192 	62016,64 	 	สร 	
04.2022 	198349 	19438 	555,36 	 	สร 	
04.2022 	198349 	19435 	8555,232 	 	สร 	
04.2022 	198349 	19185 	22256,96 	 	สร 	
04.2022 	198349 	19431 	633,6 	 	สร 	
04.2022 	198349 	19465 	46673,28 	 	สร 	
04.2022 	198349 	19190 	36576,848 	 	สร 	
04.2022 	198349 	19188 	81529,44 	 	สร 	
04.2022 	198349 	189323 	4134,24 	 	สร 	
04.2022 	198349 	1527924 	626,4 	 	สร 	
04.2022 	198349 	1774129 	148,544 	 	สร 	
04.2022 	198349 	227267 	27086,496 	 	สร 	
04.2022 	198349 	227272 	9792,72 	 	สร 	
04.2022 	198349 	1518691 	2730,384 	 	สร 	
04.2022 	198349 	1659920 	1900,8 	 	สร 	
04.2022 	198349 	1660099 	3758,4 	 	สร 	
04.2022 	198349 	1678991 	27,84 	 	สร 	
04.2022 	198349 	1681696 	1816,56 	 	สร 	
04.2022 	198349 	1660834 	3667,68 	 	สร 	
04.2022 	198349 	1719025 	3240 	 	สร 	
04.2022 	198349 	1728063 	36414,72 	 	สร 	
04.2022 	198349 	1701387 	1018,8 	 	สร 	
04.2022 	198349 	1728065 	632,16 	 	สร 	
04.2022 	198349 	1715021 	111,616 	 	สร 	
04.2022 	198349 	1542058 	517,408 	 	สร 	
04.2022 	198349 	227066 	306,24 	 	สร 	
04.2022 	198349 	1723524 	158,4 	 	สร 	
04.2022 	198349 	1625503 	1966,912 	 	สร 	
04.2022 	198349 	3037846 	4634,368 	 	สร 	
04.2022 	198349 	3026406 	2430,72 	 	สร 	
04.2022 	198349 	3025732 	258,096 	 	สร 	
04.2022 	198349 	3026463 	9937,728 	 	สร 	
04.2022 	198349 	3091115 	40,704 	 	สร 	
04.2022 	198349 	3143759 	170,496 	 	สร 	
04.2022 	198349 	3148675 	69088,224 	 	สร 	
04.2022 	198349 	3149270 	163,008 	 	สร 	
04.2022 	198349 	3149855 	15583,512 	 	สร 	
04.2022 	198349 	3149287 	13440 	 	สร 	
04.2022 	198349 	3149300 	15387,808 	 	สร 	
04.2022 	198349 	3149878 	35047,872 	 	สร 	
04.2022 	198349 	3149890 	3067,2 	 	สร 	
04.2022 	198349 	3149902 	81,408 	 	สร 	
04.2022 	198349 	3150665 	3075,264 	 	สร 	
04.2022 	198349 	3149925 	613,824 	 	สร 	
04.2022 	198349 	1558864 	339,072 	 	สร 	
04.2022 	198349 	3139408 	760,704 	 	สร 	
04.2022 	198349 	3141993 	1530,88 	 	สร 	
04.2022 	198349 	3132621 	592,384 	 	สร 	
04.2022 	198349 	3148631 	7607,04 	 	สร 	
04.2022 	198349 	3148646 	22475,136 	 	สร 	
04.2022 	198349 	3149129 	12646,704 	 	สร 	
04.2022 	198349 	3148621 	1090,56 	 	สร 	
04.2022 	198349 	3173837 	533,12 	 	สร 	
04.2022 	198349 	3146925 	740,08 	 	สร 	
04.2022 	198349 	3173877 	5180,16 	 	สร 	
04.2022 	198349 	3173718 	4587,216 	 	สร 	
04.2022 	198349 	3173872 	9166,08 	 	สร 	
04.2022 	198349 	3198119 	55,68 	 	สร 	
04.2022 	198349 	3148662 	479,36 	 	สร 	
04.2022 	198349 	3149888 	613,44 	 	สร 	
04.2022 	198349 	3096051 	29336,56 	 	สร 	
04.2022 	198349 	3149865 	3063,6 	 	สร 	
04.2022 	198349 	3202482 	606,96 	 	สร 	
04.2022 	198349 	1723533 	201,152 	 	สร 	
04.2022 	198349 	3148664 	3697,92 	 	สร 	
04.2022 	198349 	3195944 	26,88 	 	สร 	
04.2022 	198349 	227072 	331,936 	 	สร 	
04.2022 	198349 	3253266 	8216,816 	 	สร 	
04.2022 	198349 	3284798 	488,448 	 	สร 	
04.2022 	198349 	3347019 	17539,2 	 	สร 	
04.2022 	198349 	3347415 	1896,48 	 	สร 	
04.2022 	198349 	3347054 	4435,2 	 	สร 	
04.2022 	198349 	3347067 	96874,72 	 	สร 	
04.2022 	198349 	3339455 	122,688 	 	สร 	
04.2022 	198349 	3339232 	27,2 	 	สร 	
04.2022 	198349 	3253251 	625,6 	 	สร 	
04.2022 	198349 	3270172 	1145,12 	 	สร 	
04.2022 	198349 	227075 	6491,408 	 	สร 	
04.2022 	198349 	1384239 	54,784 	 	สร 	
04.2022 	198349 	3356413 	3096 	 	สร 	
04.2022 	198349 	1510373 	539,136 	 	สร 	
04.2022 	198349 	3152431 	265,088 	 	สร 	
04.2022 	198349 	3341822 	1382,304 	 	สร 	
04.2022 	198349 	1693660 	2349,2 	 	สร 	
04.2022 	198349 	3270178 	13,408 	 	สร 	
04.2022 	198349 	3289608 	350,272 	 	สร 	
04.2022 	198349 	3262107 	203,52 	 	สร 	
04.2022 	198349 	1595328 	1109,76 	 	สร 	
04.2022 	198349 	3289684 	388,368 	 	สร 	
04.2022 	198349 	3262111 	13,488 	 	สร 	
04.2022 	198349 	3190868 	141,28 	 	สร 	
04.2022 	198349 	3397396 	2700,432 	 	สร 	
04.2022 	198349 	3365034 	745,632 	 	สร 	
04.2022 	198349 	186612 	123,264 	 	สร 	
04.2022 	198349 	19557 	23553,424 	 	สร 	
04.2022 	198349 	1670489 	2511,36 	 	สร 	
04.2022 	198349 	1505351 	43734,592 	 	สร 	
04.2022 	198349 	1705134 	13,344 	 	สร 	
04.2022 	198349 	1705090 	13,568 	 	สร 	
04.2022 	198349 	3030639 	4183,872 	 	สร 	
04.2022 	198349 	3030643 	1507,072 	 	สร 	
04.2022 	198349 	3046431 	476,56 	 	สร 	
04.2022 	198349 	3126652 	108,672 	 	สร 	
04.2022 	198349 	3126646 	1036,032 	 	สร 	
04.2022 	198349 	3126647 	702,208 	 	สร 	
04.2022 	198349 	3127007 	1245,28 	 	สร 	
04.2022 	198349 	3166957 	108,544 	 	สร 	
04.2022 	198349 	3166959 	2802,24 	 	สร 	
04.2022 	198349 	207464 	2526,624 	 	สร 	
04.2022 	198349 	196272 	4222,512 	 	สร 	
04.2022 	198349 	191352 	681,912 	 	สร 	
04.2022 	198349 	3087856 	249,6 	 	สร 	
04.2022 	198349 	3087518 	69,888 	 	สร 	
04.2022 	198349 	19445 	6592,824 	 	สร 	
04.2022 	198349 	19550 	5076,456 	 	สร 	
04.2022 	198349 	19543 	575,424 	 	สร 	
04.2022 	198349 	19539 	11296,8 	 	สร 	
04.2022 	198349 	19531 	1352,952 	 	สร 	
04.2022 	198349 	19441 	9752,4 	 	สร 	
04.2022 	198349 	19194 	17826,912 	 	สร 	
04.2022 	198349 	19191 	139840,896 	 	สร 	
04.2022 	198349 	19434 	15656,496 	 	สร 	
04.2022 	198349 	19184 	8638,08 	 	สร 	
04.2022 	198349 	19189 	9198,42 	 	สร 	
04.2022 	198349 	19187 	12131,28 	 	สร 	
04.2022 	198349 	3116863 	22905,36 	 	สร 	
04.2022 	198349 	189502 	553,32 	 	สร 	
04.2022 	198349 	1607747 	11295,36 	 	สร 	
04.2022 	198349 	1607739 	2642,976 	 	สร 	
04.2022 	198349 	227263 	3872,289 	 	สร 	
04.2022 	198349 	227265 	3486,96 	 	สร 	
04.2022 	198349 	226376 	225,456 	 	สร 	
04.2022 	198349 	1599898 	162,816 	 	สร 	
04.2022 	198349 	1539503 	1900,668 	 	สร 	
04.2022 	198349 	1599895 	173,196 	 	สร 	
04.2022 	198349 	1644743 	234,324 	 	สร 	
04.2022 	198349 	1644773 	472,512 	 	สร 	
04.2022 	198349 	1518690 	2220,984 	 	สร 	
04.2022 	198349 	1610391 	402,948 	 	สร 	
04.2022 	198349 	1599878 	828,144 	 	สร 	
04.2022 	198349 	1612618 	1480,74 	 	สร 	
04.2022 	198349 	1660836 	229,68 	 	สร 	
04.2022 	198349 	1719027 	1363,824 	 	สร 	
04.2022 	198349 	3146924 	1322,052 	 	สร 	
04.2022 	198349 	227081 	125,28 	 	สร 	
04.2022 	198349 	3201242 	3572,568 	 	สร 	
04.2022 	198349 	1611442 	512,244 	 	สร 	
04.2022 	198349 	1560631 	75,684 	 	สร 	
04.2022 	198349 	1560628 	4079,556 	 	สร 	
04.2022 	198349 	1560622 	438,372 	 	สร 	
04.2022 	198349 	1505350 	34040 	 	สร 	
04.2022 	198349 	3030642 	2300,976 	 	สร 	
04.2022 	198349 	3045370 	199,68 	 	สร 	
04.2022 	198349 	3046425 	571,872 	 	สร 	
04.2022 	198349 	3116831 	42,528 	 	สร 	
04.2022 	198349 	3116850 	1202,472 	 	สร 	
04.2022 	198349 	3116836 	8049,24 	 	สร 	
04.2022 	198349 	3146166 	7481,76 	 	สร 	
04.2022 	198349 	3046439 	438,48 	 	สร 	
04.2022 	198349 	3158547 	2866,128 	 	สร 	
04.2022 	198349 	3159673 	1334,628 	 	สร 	
04.2022 	198349 	1685794 	2333,472 	 	สร 	
04.2022 	198349 	1686043 	1650,456 	 	สร 	
04.2022 	198349 	1686400 	1478,808 	 	สร 	
04.2022 	198349 	3195783 	3669,648 	 	สร 	
04.2022 	198349 	3233940 	27049,14 	 	สร 	
04.2022 	198349 	3233937 	8252,28 	 	สร 	
04.2022 	198349 	3233939 	1833,84 	 	สร 	
04.2022 	198349 	3233970 	5443,2 	 	สร 	
04.2022 	198349 	3233952 	10674,72 	 	สร 	
04.2022 	198349 	3233943 	10092 	 	สร 	
04.2022 	198349 	3233959 	3628,8 	 	สร 	
04.2022 	198349 	3233964 	7943,04 	 	สร 	
04.2022 	198349 	3233950 	2411,988 	 	สร 	
04.2022 	198349 	3284388 	343,6 	 	สร 	
04.2022 	198349 	3257071 	1037,952 	 	สร 	
04.2022 	198349 	3298438 	2349 	 	สร 	
04.2022 	198349 	3355210 	211,68 	 	สร 	
04.2022 	198349 	3355209 	3628,8 	 	สร 	
04.2022 	198349 	3355211 	2731,68 	 	สร 	
04.2022 	198349 	3355212 	3538,08 	 	สร 	
04.2022 	198349 	1625490 	210,168 	 	สร 	
04.2022 	198349 	1663025 	1074,412 	 	สร 	
04.2022 	198349 	1664427 	142,464 	 	สร 	
04.2022 	198349 	1681692 	635,796 	 	สร 	
04.2022 	198349 	1719023 	680,4 	 	สร 	
04.2022 	198349 	1728061 	21095,424 	 	สร 	
04.2022 	198349 	1723801 	255,6 	 	สร 	
04.2022 	198349 	1662099 	10,224 	 	สร 	
04.2022 	198349 	1728062 	7965,216 	 	สร 	
04.2022 	198349 	1693657 	161,088 	 	สร 	
04.2022 	198349 	1760510 	316,944 	 	สร 	
04.2022 	198349 	1599870 	30,564 	 	สร 	
04.2022 	198349 	3018024 	3010,104 	 	สร 	
04.2022 	198349 	3026462 	2964,96 	 	สร 	
04.2022 	198349 	3025728 	101,88 	 	สร 	
04.2022 	198349 	1723509 	132,444 	 	สร 	
04.2022 	198349 	3036257 	142,632 	 	สร 	
04.2022 	198349 	3116864 	5310,144 	 	สร 	
04.2022 	198349 	1664430 	4355,04 	 	สร 	
04.2022 	198349 	3133094 	193,5 	 	สร 	
04.2022 	198349 	3007276 	3219,408 	 	สร 	
04.2022 	198349 	3148670 	10228,752 	 	สร 	
04.2022 	198349 	3149148 	4401,372 	 	สร 	
04.2022 	198349 	3149286 	4919,04 	 	สร 	
04.2022 	198349 	3149368 	8770,848 	 	สร 	
04.2022 	198349 	3149867 	6942,096 	 	สร 	
04.2022 	198349 	3149900 	142,464 	 	สร 	
04.2022 	198349 	3132619 	1906,944 	 	สร 	
04.2022 	198349 	3041364 	309,504 	 	สร 	
04.2022 	198349 	1558863 	201,324 	 	สร 	
04.2022 	198349 	3177114 	1068,288 	 	สร 	
04.2022 	198349 	3148644 	5957,76 	 	สร 	
04.2022 	198349 	3148630 	2557,188 	 	สร 	
04.2022 	198349 	3149924 	410,328 	 	สร 	
04.2022 	198349 	3150233 	1548,576 	 	สร 	
04.2022 	198349 	3148620 	3711,312 	 	สร 	
04.2022 	198349 	3173835 	29,988 	 	สร 	
04.2022 	198349 	3173878 	817,92 	 	สร 	
04.2022 	198349 	3150660 	30,348 	 	สร 	
04.2022 	198349 	3173719 	2182,464 	 	สร 	
04.2022 	198349 	3173866 	100,8 	 	สร 	
04.2022 	198349 	3194735 	28,866 	 	สร 	
04.2022 	198349 	3158552 	153,36 	 	สร 	
04.2022 	198349 	3185880 	159,744 	 	สร 	
04.2022 	198349 	3194078 	24595,74 	 	สร 	
04.2022 	198349 	3040217 	157,08 	 	สร 	
04.2022 	198349 	3149914 	142,464 	 	สร 	
04.2022 	198349 	3202461 	272,16 	 	สร 	
04.2022 	198349 	3149385 	273,456 	 	สร 	
04.2022 	198349 	3149149 	827,172 	 	สร 	
04.2022 	198349 	3149889 	1104,192 	 	สร 	
04.2022 	198349 	3150209 	1093,824 	 	สร 	
04.2022 	198349 	3292964 	7635,348 	 	สร 	
04.2022 	198349 	3148665 	1386,72 	 	สร 	
04.2022 	198349 	3284794 	61,128 	 	สร 	
04.2022 	198349 	3284788 	140,112 	 	สร 	
04.2022 	198349 	3347049 	3326,4 	 	สร 	
04.2022 	198349 	3347053 	3535,08 	 	สร 	
04.2022 	198349 	1510371 	248,832 	 	สร 	
04.2022 	198349 	1372222 	61,632 	 	สร 	
04.2022 	198349 	3262183 	244,224 	 	สร 	
04.2022 	198349 	3253246 	275,4 	 	สร 	
04.2022 	198349 	3253264 	785,4 	 	สร 	
04.2022 	198349 	3270170 	744,144 	 	สร 	
04.2022 	198349 	3262105 	172,992 	 	สร 	
04.2022 	198349 	1595329 	1102,824 	 	สร 	
04.2022 	198349 	3289683 	90,396 	 	สร 	
04.2022 	198349 	3190869 	625,164 	 	สร 	
04.2022 	198349 	1670488 	952,224 	 	สร 	
04.2022 	198349 	3288804 	20,232 	 	สร 	
04.2022 	198349 	3262091 	410,328 	 	สร 	
04.2022 	198349 	3270168 	404,16 	 	สร 	
04.2022 	198349 	3270169 	255,6 	 	สร 	
04.2022 	198349 	3096046 	150,024 	 	สร 	
04.2022 	198349 	3195932 	425,376 	 	สร 	
04.2022 	198349 	3194693 	52,32 	 	สร 	
04.2022 	198349 	3134038 	165,696 	 	สร 	
04.2022 	198349 	3356418 	72,576 	 	สร 	
04.2022 	198349 	3205479 	276,432 	 	สร 	
04.2022 	198349 	3201826 	161,856 	 	สร 	
04.2022 	198349 	3195952 	270,216 	 	สร 	
04.2022 	198349 	19556 	12265,784 	 	สร 	
04.2022 	198349 	3194083 	1339,632 	 	สร 	
04.2022 	198349 	1668254 	2670,192 	 	สร 	
04.2022 	198349 	207463 	542,5 	 	สร 	
04.2022 	198349 	135715 	81 	 	สร 	
04.2022 	198349 	135659 	2511 	 	สร 	
04.2022 	198349 	140442 	437,4 	 	สร 	
04.2022 	198349 	157674 	113,4 	 	สร 	
04.2022 	198349 	135581 	307,8 	 	สร 	
04.2022 	198349 	3022528 	375 	 	สร 	
04.2022 	198349 	19492 	59640 	 	สร 	
04.2022 	198349 	3052005 	190,3 	 	สร 	
04.2022 	198349 	3052073 	62160 	 	สร 	
04.2022 	198349 	3052072 	840 	 	สร 	
04.2022 	198349 	3052075 	10195,2 	 	สร 	
04.2022 	198349 	3051178 	26880 	 	สร 	
04.2022 	198349 	3051180 	849,6 	 	สร 	
04.2022 	198349 	19496 	30585,6 	 	สร 	
04.2022 	198349 	103814 	3933,8 	 	สร 	
04.2022 	198349 	19456 	1670,4 	 	สร 	
04.2022 	198349 	17366 	5068,8 	 	สร 	
04.2022 	198349 	19444 	378,4 	 	สร 	
04.2022 	198349 	17363 	14198,4 	 	สร 	
04.2022 	198349 	17364 	52,8 	 	สร 	
04.2022 	198349 	19533 	3867,5 	 	สร 	
04.2022 	198349 	19546 	160,2 	 	สร 	
04.2022 	198349 	19541 	2376 	 	สร 	
04.2022 	198349 	19552 	28872 	 	สร 	
04.2022 	198349 	18465 	12816 	 	สร 	
04.2022 	198349 	18475 	19725,8 	 	สร 	
04.2022 	198349 	18460 	9345,6 	 	สร 	
04.2022 	198349 	18470 	15947,7 	 	สร 	
04.2022 	198349 	2980 	531 	 	สร 	
04.2022 	198349 	3126660 	1436,4 	 	สร 	
04.2022 	198349 	3126658 	735,3 	 	สร 	
04.2022 	198349 	3127004 	1044 	 	สร 	
04.2022 	198349 	3051150 	53,7 	 	สร 	
04.2022 	198349 	3126668 	2491,2 	 	สร 	
04.2022 	198349 	3122220 	1256,1 	 	สร 	
04.2022 	198349 	3052078 	340 	 	สร 	
04.2022 	198349 	17367 	5632 	 	สร 	
04.2022 	198349 	3113184 	820,8 	 	สร 	
04.2022 	198349 	17437 	16536,2 	 	สร 	
04.2022 	198349 	3173767 	3264 	 	สร 	
04.2022 	198349 	3051177 	9683,2 	 	สร 	
04.2022 	198349 	3052077 	284,8 	 	สร 	
04.2022 	198349 	3183470 	275,2 	 	สร 	
04.2022 	198349 	3240635 	594 	 	สร 	
04.2022 	198349 	3237078 	768,2 	 	สร 	
04.2022 	198349 	3284870 	259,2 	 	สร 	
04.2022 	198349 	3180980 	212,4 	 	สร 	
04.2022 	198349 	3298725 	1898,8 	 	สร 	
04.2022 	198349 	3300030 	249 	 	สร 	
04.2022 	198349 	3298756 	1420,8 	 	สร 	
04.2022 	198349 	3299248 	2470,2 	 	สร 	
04.2022 	198349 	3298729 	1024,8 	 	สร 	
04.2022 	198349 	3180982 	1851,1 	 	สร 	
04.2022 	198349 	3173776 	1632 	 	สร 	
04.2022 	198349 	3298876 	457,8 	 	สร 	
04.2022 	198349 	3361584 	835,2 	 	สร 	
04.2022 	198349 	3205476 	27187,2 	 	สร 	
04.2022 	198349 	3181225 	748,2 	 	สร 	
04.2022 	198349 	3312836 	872,9 	 	สร 	
04.2022 	198349 	3182205 	5838,4 	 	สร 	
04.2022 	198349 	3298705 	225 	 	สร 	
04.2022 	198349 	3300001 	16,4 	 	สร 	
04.2022 	198349 	3378371 	14774,4 	 	สร 	
04.2022 	198349 	3298775 	96 	 	สร 	
04.2022 	198349 	18477 	18870 	 	สร 	
04.2022 	198349 	18467 	75295 	 	สร 	
04.2022 	198349 	19549 	40515 	 	สร 	
04.2022 	198349 	17775 	4255 	 	สร 	
04.2022 	198349 	1561235 	925 	 	สร 	
04.2022 	198349 	1561243 	1480 	 	สร 	
04.2022 	198349 	227323 	5220 	 	สร 	
04.2022 	198349 	1654943 	370 	 	สร 	
04.2022 	198349 	1719050 	2220 	 	สร 	
04.2022 	198349 	16267 	1295 	 	สร 	
04.2022 	198349 	1725014 	3520 	 	สร 	
04.2022 	198349 	3011901 	1100 	 	สร 	
04.2022 	198349 	11631 	370 	 	สร 	
04.2022 	198349 	3094165 	184,9 	 	สร 	
04.2022 	198349 	3127005 	3145 	 	สร 	
04.2022 	198349 	3127012 	740 	 	สร 	
04.2022 	198349 	3118559 	2960 	 	สร 	
04.2022 	198349 	3118564 	2405 	 	สร 	
04.2022 	198349 	3125869 	420 	 	สร 	
04.2022 	198349 	3152430 	182 	 	สร 	
04.2022 	198349 	3170707 	17205 	 	สร 	
04.2022 	198349 	3122222 	3360 	 	สร 	
04.2022 	198349 	3189075 	205 	 	สร 	
04.2022 	198349 	3144277 	5590 	 	สร 	
04.2022 	198349 	3240831 	370 	 	สร 	
04.2022 	198349 	3197440 	53550 	 	สร 	
04.2022 	198349 	3298727 	4440 	 	สร 	
04.2022 	198349 	3299246 	13875 	 	สร 	
04.2022 	198349 	3298720 	3400 	 	สร 	
04.2022 	198349 	3298747 	195 	 	สร 	
04.2022 	198349 	3360222 	185 	 	สร 	
04.2022 	198349 	3138309 	740 	 	สร 	
04.2022 	198349 	3240811 	925 	 	สร 	
04.2022 	198349 	3312833 	14145 	 	สร 	
04.2022 	198349 	3298702 	920 	 	สร 	
04.2022 	198349 	3298769 	195 	 	สร 	
04.2022 	198349 	3378362 	11840 	 	สร 	
04.2022 	198349 	3378365 	71780 	 	สร 	
04.2022 	198349 	3010474 	7316 	 	สร 	
04.2022 	198349 	209738 	7200 	 	สร 	
04.2022 	198349 	132558 	180 	 	สร 	
04.2022 	198349 	11640 	43020 	 	สร 	
04.2022 	198349 	3018 	540 	 	สร 	
04.2022 	198349 	18472 	7560 	 	สร 	
04.2022 	198349 	18462 	15120 	 	สร 	
04.2022 	198349 	19538 	14760 	 	สร 	
04.2022 	198349 	19529 	10440 	 	สร 	
04.2022 	198349 	227339 	14760 	 	สร 	
04.2022 	198349 	14928 	4860 	 	สร 	
04.2022 	198349 	14913 	11340 	 	สร 	
04.2022 	198349 	14903 	16740 	 	สร 	
04.2022 	198349 	14898 	3960 	 	สร 	
04.2022 	198349 	19455 	34920 	 	สร 	
04.2022 	198349 	1678818 	510 	 	สร 	
04.2022 	198349 	207461 	1700 	 	สร 	
04.2022 	198349 	1407621 	9180 	 	สร 	
04.2022 	198349 	1407619 	5040 	 	สร 	
04.2022 	198349 	19491 	48420 	 	สร 	
04.2022 	198349 	227322 	20340 	 	สร 	
04.2022 	198349 	227325 	72000 	 	สร 	
04.2022 	198349 	196770 	4500 	 	สร 	
04.2022 	198349 	220687 	360 	 	สร 	
04.2022 	198349 	196761 	720 	 	สร 	
04.2022 	198349 	2260 	7020 	 	สร 	
04.2022 	198349 	1990 	540 	 	สร 	
04.2022 	198349 	11734 	14580 	 	สร 	
04.2022 	198349 	2256 	31320 	 	สร 	
04.2022 	198349 	2253 	136980 	 	สร 	
04.2022 	198349 	227283 	22440 	 	สร 	
04.2022 	198349 	227280 	360 	 	สร 	
04.2022 	198349 	3040137 	170 	 	สร 	
04.2022 	198349 	1625497 	8330 	 	สร 	
04.2022 	198349 	1538794 	1020 	 	สร 	
04.2022 	198349 	1599897 	19040 	 	สร 	
04.2022 	198349 	1644761 	170 	 	สร 	
04.2022 	198349 	1599892 	22270 	 	สร 	
04.2022 	198349 	224813 	2094 	 	สร 	
04.2022 	198349 	1518692 	170 	 	สร 	
04.2022 	198349 	17523 	10440 	 	สร 	
04.2022 	198349 	1612622 	1190 	 	สร 	
04.2022 	198349 	1599880 	9180 	 	สร 	
04.2022 	198349 	1600685 	6630 	 	สร 	
04.2022 	198349 	1664421 	3060 	 	สร 	
04.2022 	198349 	1705091 	501 	 	สร 	
04.2022 	198349 	1750382 	2160 	 	สร 	
04.2022 	198349 	1664432 	10200 	 	สร 	
04.2022 	198349 	1702477 	3910 	 	สร 	
04.2022 	198349 	3049914 	4725 	 	สร 	
04.2022 	198349 	1462833 	39060 	 	สร 	
04.2022 	198349 	3030631 	15300 	 	สร 	
04.2022 	198349 	3030628 	10880 	 	สร 	
04.2022 	198349 	1784602 	2520 	 	สร 	
04.2022 	198349 	3033622 	850 	 	สร 	
04.2022 	198349 	14918 	12780 	 	สร 	
04.2022 	198349 	3036267 	5440 	 	สร 	
04.2022 	198349 	3040983 	680 	 	สร 	
04.2022 	198349 	3033624 	3600 	 	สร 	
04.2022 	198349 	3014383 	1575 	 	สร 	
04.2022 	198349 	3033626 	41040 	 	สร 	
04.2022 	198349 	3007275 	1360 	 	สร 	
04.2022 	198349 	3037327 	525 	 	สร 	
04.2022 	198349 	3053426 	680 	 	สร 	
04.2022 	198349 	3052066 	1530 	 	สร 	
04.2022 	198349 	3048582 	11900 	 	สร 	
04.2022 	198349 	3051795 	175 	 	สร 	
04.2022 	198349 	3076048 	510 	 	สร 	
04.2022 	198349 	3048583 	12775 	 	สร 	
04.2022 	198349 	3048591 	4930 	 	สร 	
04.2022 	198349 	3087904 	360,6 	 	สร 	
04.2022 	198349 	3088669 	349,2 	 	สร 	
04.2022 	198349 	3083049 	700 	 	สร 	
04.2022 	198349 	3096096 	698,8 	 	สร 	
04.2022 	198349 	3054792 	340 	 	สร 	
04.2022 	198349 	3126648 	2040 	 	สร 	
04.2022 	198349 	3126656 	2975 	 	สร 	
04.2022 	198349 	3126671 	1260 	 	สร 	
04.2022 	198349 	3076049 	1700 	 	สร 	
04.2022 	198349 	3129165 	173880 	 	สร 	
04.2022 	198349 	3118562 	2880 	 	สร 	
04.2022 	198349 	3138106 	1566 	 	สร 	
04.2022 	198349 	3149271 	2210 	 	สร 	
04.2022 	198349 	3149291 	510 	 	สร 	
04.2022 	198349 	3149388 	4080 	 	สร 	
04.2022 	198349 	3149895 	680 	 	สร 	
04.2022 	198349 	3149913 	340 	 	สร 	
04.2022 	198349 	3150669 	1190 	 	สร 	
04.2022 	198349 	3158545 	5568 	 	สร 	
04.2022 	198349 	3148649 	1400 	 	สร 	
04.2022 	198349 	1475202 	2160 	 	สร 	
04.2022 	198349 	3158553 	340 	 	สร 	
04.2022 	198349 	3158554 	170 	 	สร 	
04.2022 	198349 	12934 	1440 	 	สร 	
04.2022 	198349 	3173732 	14620 	 	สร 	
04.2022 	198349 	3148640 	340 	 	สร 	
04.2022 	198349 	227349 	3780 	 	สร 	
04.2022 	198349 	1543274 	2880 	 	สร 	
04.2022 	198349 	3148625 	4760 	 	สร 	
04.2022 	198349 	3149133 	510 	 	สร 	
04.2022 	198349 	3165789 	3400 	 	สร 	
04.2022 	198349 	3165787 	3960 	 	สร 	
04.2022 	198349 	3165786 	2520 	 	สร 	
04.2022 	198349 	3149927 	680 	 	สร 	
04.2022 	198349 	3173841 	1360 	 	สร 	
04.2022 	198349 	3173873 	1360 	 	สร 	
04.2022 	198349 	3195785 	1530 	 	สร 	
04.2022 	198349 	3169364 	525 	 	สร 	
04.2022 	198349 	3201281 	1360 	 	สร 	
04.2022 	198349 	3210415 	38917,2 	 	สร 	
04.2022 	198349 	3210425 	105792 	 	สร 	
04.2022 	198349 	3214738 	4930 	 	สร 	
04.2022 	198349 	3210419 	40686,4 	 	สร 	
04.2022 	198349 	1590036 	9000 	 	สร 	
04.2022 	198349 	3237625 	180 	 	สร 	
04.2022 	198349 	3188247 	340 	 	สร 	
04.2022 	198349 	3201872 	1020 	 	สร 	
04.2022 	198349 	3219732 	2160 	 	สร 	
04.2022 	198349 	3240900 	720 	 	สร 	
04.2022 	198349 	3048570 	8750 	 	สร 	
04.2022 	198349 	3173779 	2550 	 	สร 	
04.2022 	198349 	3255237 	2975 	 	สร 	
04.2022 	198349 	3007273 	510 	 	สร 	
04.2022 	198349 	3263263 	16500 	 	สร 	
04.2022 	198349 	3037328 	170 	 	สร 	
04.2022 	198349 	3262387 	2880 	 	สร 	
04.2022 	198349 	3255207 	45150 	 	สร 	
04.2022 	198349 	3237067 	170 	 	สร 	
04.2022 	198349 	3265639 	15716,8 	 	สร 	
04.2022 	198349 	3265635 	8342,4 	 	สร 	
04.2022 	198349 	3192765 	1360 	 	สร 	
04.2022 	198349 	3267259 	7350 	 	สร 	
04.2022 	198349 	3300036 	10980 	 	สร 	
04.2022 	198349 	3265636 	4192,8 	 	สร 	
04.2022 	198349 	3300018 	5425 	 	สร 	
04.2022 	198349 	3267262 	700 	 	สร 	
04.2022 	198349 	3200389 	9520 	 	สร 	
04.2022 	198349 	3141997 	525 	 	สร 	
04.2022 	198349 	3355393 	10500 	 	สร 	
04.2022 	198349 	3258802 	19600 	 	สร 	
04.2022 	198349 	3289688 	3400 	 	สร 	
04.2022 	198349 	3298997 	1650 	 	สร 	
04.2022 	198349 	3372350 	525 	 	สร 	
04.2022 	198349 	3190355 	10896 	 	สร 	
04.2022 	198349 	3205482 	140195,2 	 	สร 	
04.2022 	198349 	202140 	12060 	 	สร 	
04.2022 	198349 	3361429 	6778,2 	 	สร 	
04.2022 	198349 	3361439 	349,4 	 	สร 	
04.2022 	198349 	3361449 	2143,2 	 	สร 	
04.2022 	198349 	3298990 	330 	 	สร 	
04.2022 	198349 	3378118 	37080 	 	สร 	
04.2022 	198349 	3378369 	18725 	 	สร 	
04.2022 	198349 	3298985 	330 	 	สร 	
04.2022 	198349 	3299250 	2475 	 	สร 	
04.2022 	198349 	3299255 	165 	 	สร 	
04.2022 	198349 	1612456 	3230 	 	สร 	
04.2022 	198349 	1336768 	8500 	 	สร 	
04.2022 	198349 	3014330 	834 	 	สร 	
04.2022 	198349 	3197436 	6300 	 	สร 	
04.2022 	198349 	3136530 	12180 	 	สร 	
04.2022 	198349 	3241802 	3150 	 	สร 	
04.2022 	198349 	3298860 	4400 	 	สร 	
04.2022 	198349 	3200390 	850 	 	สร 	
04.2022 	198349 	3300037 	1700 	 	สร 	
04.2022 	198349 	1693664 	800 	 	สร 	
01.04.2022 	198349 	3257615 	2016 	 	สร 	
01.04.2022 	198349 	227323 	3600 	 	สร 	
01.04.2022 	198349 	3298747 	4875 	 	สร 	
01.04.2022 	198349 	227322 	30240 	 	สร 	
01.04.2022 	198349 	3129165 	10080 	 	สร 	
01.04.2022 	198349 	1792787 	21792 	 	สร 	
02.04.2022 	198349 	1772472 	6912 	 	สร 	
02.04.2022 	198349 	3149860 	5472 	 	สร 	
02.04.2022 	198349 	3148675 	33620,4 	 	สร 	
02.04.2022 	198349 	19191 	21095,424 	 	สร 	
02.04.2022 	198349 	227323 	70560 	 	สร 	
02.04.2022 	198349 	1518692 	23120 	 	สร 	
02.04.2022 	198349 	227322 	22320 	 	สร 	
02.04.2022 	198349 	19491 	32400 	 	สร 	
02.04.2022 	198349 	1612622 	50150 	 	สร 	
02.04.2022 	198349 	3052068 	17000 	 	สร 	
02.04.2022 	198349 	3265635 	3302,2 	 	สร 	
02.04.2022 	198349 	3361429 	10428 	 	สร 	
03.04.2022 	198349 	19299 	43508,7 	 	สร 	
03.04.2022 	198349 	19193 	16480,8 	 	สร 	
03.04.2022 	198349 	3148675 	8313,408 	 	สร 	
03.04.2022 	198349 	3149855 	24209,248 	 	สร 	
03.04.2022 	198349 	3149300 	11505,408 	 	สร 	
03.04.2022 	198349 	3148646 	15408 	 	สร 	
03.04.2022 	198349 	19191 	19944,384 	 	สร 	
03.04.2022 	198349 	3045370 	13032,448 	 	สร 	
03.04.2022 	198349 	3148670 	12103,344 	 	สร 	
03.04.2022 	198349 	3148644 	5546,88 	 	สร 	
03.04.2022 	198349 	19492 	64697,5 	 	สร 	
03.04.2022 	198349 	227323 	6480 	 	สร 	
03.04.2022 	198349 	3197440 	5250 	 	สร 	
03.04.2022 	198349 	1518692 	14790 	 	สร 	
03.04.2022 	198349 	2253 	28800 	 	สร 	
03.04.2022 	198349 	19491 	72000 	 	สร 	
03.04.2022 	198349 	1644761 	31790 	 	สร 	
03.04.2022 	198349 	1693662 	8840 	 	สร 	
03.04.2022 	198349 	3076048 	10540 	 	สร 	
03.04.2022 	198349 	3300036 	4860 	 	สร 	
04.04.2022 	198349 	3051127 	18144 	 	สร 	
04.04.2022 	198349 	19193 	36035,4 	 	สร 	
04.04.2022 	198349 	1552359 	20339 	 	สร 	
04.04.2022 	198349 	19493 	20124 	 	สร 	
04.04.2022 	198349 	19435 	22490,848 	 	สร 	
04.04.2022 	198349 	19442 	31579,2 	 	สร 	
04.04.2022 	198349 	3148646 	28967,04 	 	สร 	
04.04.2022 	198349 	1625490 	270,216 	 	สร 	
04.04.2022 	198349 	3148644 	6882,24 	 	สร 	
04.04.2022 	198349 	3149924 	1621,296 	 	สร 	
04.04.2022 	198349 	3173835 	1979,208 	 	สร 	
04.04.2022 	198349 	19556 	8037,792 	 	สร 	
04.04.2022 	198349 	3202445 	269,892 	 	สร 	
04.04.2022 	198349 	1668258 	4688,712 	 	สร 	
04.04.2022 	198349 	19492 	21000 	 	สร 	
04.04.2022 	198349 	18475 	20656,6 	 	สร 	
04.04.2022 	198349 	3300030 	747 	 	สร 	
04.04.2022 	198349 	2253 	35280 	 	สร 	
04.04.2022 	198349 	19491 	18000 	 	สร 	
04.04.2022 	198349 	1664425 	5780 	 	สร 	
04.04.2022 	198349 	3129165 	37440 	 	สร 	
04.04.2022 	198349 	3265635 	-173,8 	 	สร 	
04.04.2022 	198349 	3355393 	72800 	 	สร 	
04.04.2022 	198349 	3361429 	173,8 	 	สร 	
05.04.2022 	198349 	3051127 	12096 	 	สร 	
05.04.2022 	198349 	1552390 	19215 	 	สร 	
05.04.2022 	198349 	3190348 	3632,85 	 	สร 	
05.04.2022 	198349 	19192 	74085,12 	 	สร 	
05.04.2022 	198349 	19442 	8723,84 	 	สร 	
05.04.2022 	198349 	1728063 	28880,64 	 	สร 	
05.04.2022 	198349 	19441 	11052,72 	 	สร 	
05.04.2022 	198349 	19556 	23890,104 	 	สร 	
05.04.2022 	198349 	3298747 	4680 	 	สร 	
05.04.2022 	198349 	3378359 	35520 	 	สร 	
05.04.2022 	198349 	19491 	1800 	 	สร 	
05.04.2022 	198349 	18472 	15120 	 	สร 	
05.04.2022 	198349 	3129165 	158580 	 	สร 	
06.04.2022 	198349 	1773129 	27936 	 	สร 	
06.04.2022 	198349 	3064533 	288 	 	สร 	
06.04.2022 	198349 	3409231 	576 	 	สร 	
06.04.2022 	198349 	3190348 	29062,8 	 	สร 	
06.04.2022 	198349 	14912 	10320 	 	สร 	
06.04.2022 	198349 	19192 	86014,08 	 	สร 	
06.04.2022 	198349 	19187 	5919,48 	 	สร 	
06.04.2022 	198349 	19441 	37451,28 	 	สร 	
06.04.2022 	198349 	3355212 	2268 	 	สร 	
06.04.2022 	198349 	19549 	1480 	 	สร 	
06.04.2022 	198349 	3298747 	2535 	 	สร 	
06.04.2022 	198349 	14928 	720 	 	สร 	
06.04.2022 	198349 	227339 	12960 	 	สร 	
06.04.2022 	198349 	18472 	22500 	 	สร 	
06.04.2022 	198349 	3372350 	15750 	 	สร 	
06.04.2022 	198349 	3409235 	1400 	 	สร 	
07.04.2022 	198349 	1773129 	2880 	 	สร 	
07.04.2022 	198349 	1773237 	15984 	 	สร 	
07.04.2022 	198349 	3064533 	3744 	 	สร 	
07.04.2022 	198349 	19186 	-2970 	 	สร 	
07.04.2022 	198349 	19193 	-5886 	 	สร 	
07.04.2022 	198349 	19196 	-2963,25 	 	สร 	
07.04.2022 	198349 	1728064 	5886 	 	สร 	
07.04.2022 	198349 	3190348 	23613,525 	 	สร 	
07.04.2022 	198349 	3347068 	2970 	 	สร 	
07.04.2022 	198349 	3347416 	2963,25 	 	สร 	
07.04.2022 	198349 	19185 	-1900,8 	 	สร 	
07.04.2022 	198349 	19192 	93548,16 	 	สร 	
07.04.2022 	198349 	19195 	-1896,48 	 	สร 	
07.04.2022 	198349 	1728063 	11928,96 	 	สร 	
07.04.2022 	198349 	3347415 	1896,48 	 	สร 	
07.04.2022 	198349 	3347054 	1900,8 	 	สร 	
07.04.2022 	198349 	189502 	-167,04 	 	สร 	
07.04.2022 	198349 	19187 	34086,6 	 	สร 	
07.04.2022 	198349 	3116863 	4718,88 	 	สร 	
07.04.2022 	198349 	19434 	-663,768 	 	สร 	
07.04.2022 	198349 	19191 	-2636,928 	 	สร 	
07.04.2022 	198349 	1660836 	8320,68 	 	สร 	
07.04.2022 	198349 	1728061 	2636,928 	 	สร 	
07.04.2022 	198349 	1728062 	663,768 	 	สร 	
07.04.2022 	198349 	3355209 	4536 	 	สร 	
07.04.2022 	198349 	3300030 	796,8 	 	สร 	
07.04.2022 	198349 	19549 	28305 	 	สร 	
07.04.2022 	198349 	18467 	55500 	 	สร 	
07.04.2022 	198349 	18477 	10360 	 	สร 	
07.04.2022 	198349 	3298720 	2400 	 	สร 	
07.04.2022 	198349 	14913 	55080 	 	สร 	
07.04.2022 	198349 	14928 	16560 	 	สร 	
07.04.2022 	198349 	227339 	22320 	 	สร 	
07.04.2022 	198349 	227349 	6480 	 	สร 	
08.04.2022 	198349 	1552345 	6233,01 	 	สร 	
08.04.2022 	198349 	225380 	4000,64 	 	สร 	
08.04.2022 	198349 	3190348 	19065,735 	 	สร 	
08.04.2022 	198349 	1559930 	5980,5 	 	สร 	
08.04.2022 	198349 	3356430 	1000,16 	 	สร 	
08.04.2022 	198349 	18466 	35088 	 	สร 	
08.04.2022 	198349 	19192 	109244,16 	 	สร 	
08.04.2022 	198349 	19187 	6775,56 	 	สร 	
08.04.2022 	198349 	19556 	26122,824 	 	สร 	
08.04.2022 	198349 	1661983 	1339,632 	 	สร 	
08.04.2022 	198349 	18465 	12922,8 	 	สร 	
08.04.2022 	198349 	19549 	12580 	 	สร 	
08.04.2022 	198349 	18467 	5180 	 	สร 	
08.04.2022 	198349 	18477 	32930 	 	สร 	
08.04.2022 	198349 	3298720 	2600 	 	สร 	
08.04.2022 	198349 	3378367 	10360 	 	สร 	
08.04.2022 	198349 	2253 	43920 	 	สร 	
08.04.2022 	198349 	3129165 	115200 	 	สร 	
08.04.2022 	198349 	3136530 	5220 	 	สร 	
09.04.2022 	198349 	19193 	17069,4 	 	สร 	
09.04.2022 	198349 	189323 	3132 	 	สร 	
09.04.2022 	198349 	19188 	26308,8 	 	สร 	
09.04.2022 	198349 	19192 	1353,344 	 	สร 	
09.04.2022 	198349 	19540 	24292,8 	 	สร 	
09.04.2022 	198349 	19551 	16481,344 	 	สร 	
09.04.2022 	198349 	19191 	32961,6 	 	สร 	
09.04.2022 	198349 	19556 	8122,848 	 	สร 	
09.04.2022 	198349 	3300030 	796,8 	 	สร 	
09.04.2022 	198349 	2253 	19440 	 	สร 	
09.04.2022 	198349 	1702477 	9350 	 	สร 	
09.04.2022 	198349 	3129165 	156780 	 	สร 	
09.04.2022 	198349 	3158553 	20060 	 	สร 	
09.04.2022 	198349 	3413029 	13600 	 	สร 	
09.04.2022 	198349 	13537 	18700 	 	สร 	
09.04.2022 	198349 	3136530 	6090 	 	สร 	
09.04.2022 	198349 	227266 	4250 	 	สร 	
10.04.2022 	198349 	19193 	63137,16 	 	สร 	
10.04.2022 	198349 	19196 	-11853 	 	สร 	
10.04.2022 	198349 	3347416 	11853 	 	สร 	
10.04.2022 	198349 	19188 	35078,4 	 	สร 	
10.04.2022 	198349 	19551 	-2597,76 	 	สร 	
10.04.2022 	198349 	1719029 	2597,76 	 	สร 	
10.04.2022 	198349 	3347019 	71409,6 	 	สร 	
10.04.2022 	198349 	19191 	27028,512 	 	สร 	
10.04.2022 	198349 	3298725 	969,6 	 	สร 	
10.04.2022 	198349 	3300030 	796,8 	 	สร 	
10.04.2022 	198349 	3298720 	4200 	 	สร 	
10.04.2022 	198349 	2256 	25200 	 	สร 	
10.04.2022 	198349 	1407621 	13680 	 	สร 	
10.04.2022 	198349 	3033626 	42480 	 	สร 	
10.04.2022 	198349 	3129165 	140580 	 	สร 	
10.04.2022 	198349 	3158549 	13964,4 	 	สร 	
10.04.2022 	198349 	227349 	6480 	 	สร 	
11.04.2022 	198349 	1772472 	1152 	 	สร 	
11.04.2022 	198349 	3149386 	4032 	 	สร 	
11.04.2022 	198349 	19309 	-2392,2 	 	สร 	
11.04.2022 	198349 	189371 	14263,65 	 	สร 	
11.04.2022 	198349 	19300 	15017,31 	 	สร 	
11.04.2022 	198349 	19186 	-1782 	 	สร 	
11.04.2022 	198349 	19436 	-24891,3 	 	สร 	
11.04.2022 	198349 	19193 	-33550,2 	 	สร 	
11.04.2022 	198349 	19196 	-23706 	 	สร 	
11.04.2022 	198349 	1660614 	5717,25 	 	สร 	
11.04.2022 	198349 	1660838 	1174,5 	 	สร 	
11.04.2022 	198349 	1728064 	33550,2 	 	สร 	
11.04.2022 	198349 	1728066 	24891,3 	 	สร 	
11.04.2022 	198349 	3347438 	2392,2 	 	สร 	
11.04.2022 	198349 	3347068 	1782 	 	สร 	
11.04.2022 	198349 	3347077 	571,725 	 	สร 	
11.04.2022 	198349 	3347416 	23706 	 	สร 	
11.04.2022 	198349 	19188 	60816,48 	 	สร 	
11.04.2022 	198349 	19190 	37810,08 	 	สร 	
11.04.2022 	198349 	19435 	-10114,56 	 	สร 	
11.04.2022 	198349 	19540 	-648 	 	สร 	
11.04.2022 	198349 	1719025 	648 	 	สร 	
11.04.2022 	198349 	1728065 	10114,56 	 	สร 	
11.04.2022 	198349 	3347019 	4384,8 	 	สร 	
11.04.2022 	198349 	3347073 	3049,2 	 	สร 	
11.04.2022 	198349 	19187 	-3288,6 	 	สร 	
11.04.2022 	198349 	3116863 	3288,6 	 	สร 	
11.04.2022 	198349 	19434 	-1991,304 	 	สร 	
11.04.2022 	198349 	19191 	12598,656 	 	สร 	
11.04.2022 	198349 	19194 	-3318,84 	 	สร 	
11.04.2022 	198349 	19550 	7024,776 	 	สร 	
11.04.2022 	198349 	1719023 	8164,8 	 	สร 	
11.04.2022 	198349 	1728061 	3296,16 	 	สร 	
11.04.2022 	198349 	1728062 	1991,304 	 	สร 	
11.04.2022 	198349 	3116864 	3318,84 	 	สร 	
11.04.2022 	198349 	3183469 	15206,4 	 	สร 	
11.04.2022 	198349 	2253 	30960 	 	สร 	
11.04.2022 	198349 	2256 	91080 	 	สร 	
11.04.2022 	198349 	3033626 	18000 	 	สร 	
11.04.2022 	198349 	3052068 	14960 	 	สร 	
11.04.2022 	198349 	3129165 	32400 	 	สร 	
11.04.2022 	198349 	3149388 	4760 	 	สร 	
11.04.2022 	198349 	3300018 	5075 	 	สร 	
11.04.2022 	198349 	1612625 	7650 	 	สร 	
11.04.2022 	198349 	19494 	17000 	 	สร 	
11.04.2022 	198349 	3136530 	5220 	 	สร 	
12.04.2022 	198349 	3149293 	3456 	 	สร 	
12.04.2022 	198349 	3177175 	6624 	 	สร 	
12.04.2022 	198349 	1552345 	-598,05 	 	สร 	
12.04.2022 	198349 	19309 	-2392,2 	 	สร 	
12.04.2022 	198349 	1659923 	8808,75 	 	สร 	
12.04.2022 	198349 	3347071 	587,25 	 	สร 	
12.04.2022 	198349 	3347438 	2392,2 	 	สร 	
12.04.2022 	198349 	3347440 	598,05 	 	สร 	
12.04.2022 	198349 	19188 	-1252,8 	 	สร 	
12.04.2022 	198349 	19190 	8253,168 	 	สร 	
12.04.2022 	198349 	3149855 	10191,576 	 	สร 	
12.04.2022 	198349 	3148646 	37307,904 	 	สร 	
12.04.2022 	198349 	3148657 	6163,2 	 	สร 	
12.04.2022 	198349 	3148664 	7395,84 	 	สร 	
12.04.2022 	198349 	3347019 	1252,8 	 	สร 	
12.04.2022 	198349 	3347073 	1219,68 	 	สร 	
12.04.2022 	198349 	19539 	10962 	 	สร 	
12.04.2022 	198349 	1719023 	2721,6 	 	สร 	
12.04.2022 	198349 	3148670 	19601,712 	 	สร 	
12.04.2022 	198349 	3040217 	685,44 	 	สร 	
12.04.2022 	198349 	3149264 	825,228 	 	สร 	
12.04.2022 	198349 	3149269 	2750,76 	 	สร 	
12.04.2022 	198349 	3300001 	770,8 	 	สร 	
12.04.2022 	198349 	227339 	58320 	 	สร 	
12.04.2022 	198349 	1612622 	47940 	 	สร 	
12.04.2022 	198349 	3033626 	23040 	 	สร 	
12.04.2022 	198349 	3040117 	17000 	 	สร 	
12.04.2022 	198349 	3052068 	23120 	 	สร 	
12.04.2022 	198349 	3129165 	18720 	 	สร 	
12.04.2022 	198349 	3149291 	10200 	 	สร 	
12.04.2022 	198349 	3158545 	6786 	 	สร 	
12.04.2022 	198349 	3136530 	6090 	 	สร 	
13.04.2022 	198349 	1772459 	4032 	 	สร 	
13.04.2022 	198349 	3163042 	6624 	 	สร 	
13.04.2022 	198349 	3257474 	1152 	 	สร 	
13.04.2022 	198349 	19309 	-2392,2 	 	สร 	
13.04.2022 	198349 	19186 	-4752 	 	สร 	
13.04.2022 	198349 	19436 	-5333,85 	 	สร 	
13.04.2022 	198349 	19193 	-27664,2 	 	สร 	
13.04.2022 	198349 	19196 	-3775,4 	 	สร 	
13.04.2022 	198349 	1728064 	27664,2 	 	สร 	
13.04.2022 	198349 	1728066 	5333,85 	 	สร 	
13.04.2022 	198349 	3347071 	31124,25 	 	สร 	
13.04.2022 	198349 	3347438 	2392,2 	 	สร 	
13.04.2022 	198349 	3347068 	4752 	 	สร 	
13.04.2022 	198349 	3347416 	3775,4 	 	สร 	
13.04.2022 	198349 	19188 	-3758,4 	 	สร 	
13.04.2022 	198349 	19435 	-1896,48 	 	สร 	
13.04.2022 	198349 	1728065 	1896,48 	 	สร 	
13.04.2022 	198349 	3148675 	34231,68 	 	สร 	
13.04.2022 	198349 	3149270 	11003,04 	 	สร 	
13.04.2022 	198349 	3148646 	52674,816 	 	สร 	
13.04.2022 	198349 	3149263 	6112,8 	 	สร 	
13.04.2022 	198349 	3347019 	3758,4 	 	สร 	
13.04.2022 	198349 	19434 	-3982,608 	 	สร 	
13.04.2022 	198349 	19191 	-11206,944 	 	สร 	
13.04.2022 	198349 	19194 	-1991,304 	 	สร 	
13.04.2022 	198349 	19539 	-680,4 	 	สร 	
13.04.2022 	198349 	1719023 	680,4 	 	สร 	
13.04.2022 	198349 	1728061 	11206,944 	 	สร 	
13.04.2022 	198349 	1728062 	3982,608 	 	สร 	
13.04.2022 	198349 	3116864 	1991,304 	 	สร 	
13.04.2022 	198349 	3149286 	7862,4 	 	สร 	
13.04.2022 	198349 	3149368 	1428,048 	 	สร 	
13.04.2022 	198349 	3041364 	3075,072 	 	สร 	
13.04.2022 	198349 	3148644 	10107,648 	 	สร 	
13.04.2022 	198349 	3150209 	546,912 	 	สร 	
13.04.2022 	198349 	3148665 	1386,72 	 	สร 	
13.04.2022 	198349 	1697785 	3367,98 	 	สร 	
13.04.2022 	198349 	3052001 	5155,2 	 	สร 	
13.04.2022 	198349 	11734 	45360 	 	สร 	
13.04.2022 	198349 	14913 	7200 	 	สร 	
13.04.2022 	198349 	1612622 	5100 	 	สร 	
13.04.2022 	198349 	1664432 	19890 	 	สร 	
13.04.2022 	198349 	3033626 	80640 	 	สร 	
13.04.2022 	198349 	3076049 	1360 	 	สร 	
13.04.2022 	198349 	3149271 	9520 	 	สร 	
13.04.2022 	198349 	3173779 	7140 	 	สร 	
13.04.2022 	198349 	19558 	720 	 	สร 	
13.04.2022 	198349 	3136530 	5220 	 	สร 	
14.04.2022 	198349 	3149273 	37728 	 	สร 	
14.04.2022 	198349 	3163042 	16416 	 	สร 	
14.04.2022 	198349 	19309 	-2990,25 	 	สร 	
14.04.2022 	198349 	19299 	17617,5 	 	สร 	
14.04.2022 	198349 	19186 	-4752 	 	สร 	
14.04.2022 	198349 	19436 	-4741,2 	 	สร 	
14.04.2022 	198349 	19193 	-11772 	 	สร 	
14.04.2022 	198349 	1728064 	11772 	 	สร 	
14.04.2022 	198349 	1728066 	4741,2 	 	สร 	
14.04.2022 	198349 	3347071 	6459,75 	 	สร 	
14.04.2022 	198349 	3347438 	2990,25 	 	สร 	
14.04.2022 	198349 	3347068 	4752 	 	สร 	
14.04.2022 	198349 	19188 	-11901,6 	 	สร 	
14.04.2022 	198349 	19435 	-3160,8 	 	สร 	
14.04.2022 	198349 	19192 	-6278,4 	 	สร 	
14.04.2022 	198349 	1728063 	6278,4 	 	สร 	
14.04.2022 	198349 	1728065 	3160,8 	 	สร 	
14.04.2022 	198349 	3148675 	3328,08 	 	สร 	
14.04.2022 	198349 	3149287 	26893,44 	 	สร 	
14.04.2022 	198349 	3149300 	6346,88 	 	สร 	
14.04.2022 	198349 	3148631 	27752,112 	 	สร 	
14.04.2022 	198349 	3150216 	6076,8 	 	สร 	
14.04.2022 	198349 	3347019 	11901,6 	 	สร 	
14.04.2022 	198349 	19187 	-5919,48 	 	สร 	
14.04.2022 	198349 	3116863 	5919,48 	 	สร 	
14.04.2022 	198349 	19191 	-659,232 	 	สร 	
14.04.2022 	198349 	19539 	-680,4 	 	สร 	
14.04.2022 	198349 	1660827 	11525,976 	 	สร 	
14.04.2022 	198349 	1719023 	680,4 	 	สร 	
14.04.2022 	198349 	1728061 	659,232 	 	สร 	
14.04.2022 	198349 	1697785 	16989,588 	 	สร 	
14.04.2022 	198349 	18475 	12888 	 	สร 	
14.04.2022 	198349 	16267 	35520 	 	สร 	
14.04.2022 	198349 	3298702 	690 	 	สร 	
14.04.2022 	198349 	1538794 	20740 	 	สร 	
14.04.2022 	198349 	1407621 	35280 	 	สร 	
14.04.2022 	198349 	14913 	38160 	 	สร 	
15.04.2022 	198349 	1653681 	18192 	 	สร 	
15.04.2022 	198349 	3149273 	2304 	 	สร 	
15.04.2022 	198349 	3173879 	1008 	 	สร 	
15.04.2022 	198349 	3210427 	555,6 	 	สร 	
15.04.2022 	198349 	19299 	79278,75 	 	สร 	
15.04.2022 	198349 	18476 	39990 	 	สร 	
15.04.2022 	198349 	3148675 	65610,72 	 	สร 	
15.04.2022 	198349 	3149287 	11840,64 	 	สร 	
15.04.2022 	198349 	3132621 	4752,384 	 	สร 	
15.04.2022 	198349 	19189 	17441,424 	 	สร 	
15.04.2022 	198349 	1660827 	1280,664 	 	สร 	
15.04.2022 	198349 	1558863 	23364,18 	 	สร 	
15.04.2022 	198349 	18475 	7732,8 	 	สร 	
15.04.2022 	198349 	3312836 	1948,8 	 	สร 	
15.04.2022 	198349 	16267 	19240 	 	สร 	
15.04.2022 	198349 	3312833 	3075 	 	สร 	
15.04.2022 	198349 	3378367 	28860 	 	สร 	
15.04.2022 	198349 	1538794 	2720 	 	สร 	
15.04.2022 	198349 	1644761 	51170 	 	สร 	
15.04.2022 	198349 	1407621 	15840 	 	สร 	
15.04.2022 	198349 	3036267 	19040 	 	สร 	
15.04.2022 	198349 	227349 	6480 	 	สร 	
15.04.2022 	198349 	3165789 	5100 	 	สร 	
15.04.2022 	198349 	3173880 	3500 	 	สร 	
15.04.2022 	198349 	3210419 	11033,6 	 	สร 	
16.04.2022 	198349 	1773129 	29952 	 	สร 	
16.04.2022 	198349 	1773335 	576 	 	สร 	
16.04.2022 	198349 	3210427 	3333,6 	 	สร 	
16.04.2022 	198349 	19299 	15594,75 	 	สร 	
16.04.2022 	198349 	19186 	14256 	 	สร 	
16.04.2022 	198349 	19193 	21778,2 	 	สร 	
16.04.2022 	198349 	19192 	67178,88 	 	สร 	
16.04.2022 	198349 	1728070 	19730,304 	 	สร 	
16.04.2022 	198349 	1558863 	54738,936 	 	สร 	
16.04.2022 	198349 	19552 	11736 	 	สร 	
16.04.2022 	198349 	3183448 	16416 	 	สร 	
16.04.2022 	198349 	17775 	64380 	 	สร 	
16.04.2022 	198349 	18477 	31820 	 	สร 	
16.04.2022 	198349 	2256 	2880 	 	สร 	
16.04.2022 	198349 	19538 	6480 	 	สร 	
16.04.2022 	198349 	1664421 	14280 	 	สร 	
16.04.2022 	198349 	3040983 	2720 	 	สร 	
16.04.2022 	198349 	3210419 	3275,6 	 	สร 	
16.04.2022 	198349 	3136530 	5220 	 	สร 	
17.04.2022 	198349 	3255198 	576 	 	สร 	
17.04.2022 	198349 	19309 	-598,05 	 	สร 	
17.04.2022 	198349 	19186 	-1782 	 	สร 	
17.04.2022 	198349 	19436 	-2963,25 	 	สร 	
17.04.2022 	198349 	19193 	34138,8 	 	สร 	
17.04.2022 	198349 	1728064 	5297,4 	 	สร 	
17.04.2022 	198349 	1728066 	2963,25 	 	สร 	
17.04.2022 	198349 	3347438 	598,05 	 	สร 	
17.04.2022 	198349 	3347068 	1782 	 	สร 	
17.04.2022 	198349 	19192 	56505,6 	 	สร 	
17.04.2022 	198349 	19540 	16646,4 	 	สร 	
17.04.2022 	198349 	19545 	13795,968 	 	สร 	
17.04.2022 	198349 	1719025 	3888 	 	สร 	
17.04.2022 	198349 	1728063 	6278,4 	 	สร 	
17.04.2022 	198349 	19557 	1743,648 	 	สร 	
17.04.2022 	198349 	19184 	15312 	 	สร 	
17.04.2022 	198349 	19191 	-3955,392 	 	สร 	
17.04.2022 	198349 	19539 	-1360,8 	 	สร 	
17.04.2022 	198349 	1719023 	1360,8 	 	สร 	
17.04.2022 	198349 	1728061 	3955,392 	 	สร 	
17.04.2022 	198349 	1558863 	22283,388 	 	สร 	
17.04.2022 	198349 	3347049 	5987,52 	 	สร 	
17.04.2022 	198349 	3347072 	1280,664 	 	สร 	
17.04.2022 	198349 	19541 	17280 	 	สร 	
17.04.2022 	198349 	2253 	66960 	 	สร 	
17.04.2022 	198349 	2256 	19440 	 	สร 	
17.04.2022 	198349 	19538 	3600 	 	สร 	
17.04.2022 	198349 	3129165 	93060 	 	สร 	
17.04.2022 	198349 	3201872 	20400 	 	สร 	
17.04.2022 	198349 	3201870 	17000 	 	สร 	
17.04.2022 	198349 	3136530 	6090 	 	สร 	
04.2022 	198349 	134322 	3732 	 	สร 	
04.2022 	198349 	135344 	5305 	 	สร 	
04.2022 	198349 	160039 	12820 	 	สร 	
04.2022 	198349 	227381 	27500 	 	สร 	
04.2022 	198349 	227118 	4302 	 	สร 	
04.2022 	198349 	135272 	588 	 	สร 	
04.2022 	198349 	135345 	165 	 	สร 	
04.2022 	198349 	227382 	10560 	 	สร 	
04.2022 	198349 	227387 	2228 	 	สร 	
04.2022 	198349 	227386 	8000 	 	สร 	
04.2022 	198349 	227384 	8100 	 	สร 	
04.2022 	198349 	227385 	13420 	 	สร 	
04.2022 	198349 	227397 	600 	 	สร 	
04.2022 	198349 	227396 	30 	 	สร 	
04.2022 	198349 	227395 	890 	 	สร 	
04.2022 	198349 	227376 	880 	 	สร 	
04.2022 	198349 	227392 	6228 	 	สร 	
04.2022 	198349 	227391 	10715 	 	สร 	
04.2022 	198349 	227390 	9630 	 	สร 	
04.2022 	198349 	227389 	9900 	 	สร 	
04.2022 	198349 	1338294 	382,2 	 	สร 	
04.2022 	198349 	1338805 	2343,25 	 	สร 	
04.2022 	198349 	1338295 	1471,47 	 	สร 	
04.2022 	198349 	1339420 	854,945 	 	สร 	
04.2022 	198349 	1390003 	4076,25 	 	สร 	
04.2022 	198349 	1390004 	12630,94 	 	สร 	
04.2022 	198349 	157569 	175 	 	สร 	
04.2022 	198349 	1595329 	41,616 	 	สร 	
04.2022 	198349 	1452204 	576 	 	สร 	
04.2022 	198349 	1613715 	648 	 	สร 	
04.2022 	198349 	1454960 	36 	 	สร 	
04.2022 	198349 	1559876 	36 	 	สร 	
04.2022 	198349 	193127 	2720 	 	สร 	
04.2022 	198349 	227380 	740 	 	สร 	
04.2022 	198349 	132611 	540 	 	สร 	
04.2022 	198349 	3009 	740 	 	สร 	
04.2022 	198349 	132622 	2775 	 	สร 	
04.2022 	198349 	205910 	340 	 	สร 	
04.2022 	198349 	186612 	1725,696 	 	สร 	
04.2022 	198349 	132612 	720 	 	สร 	
04.2022 	198349 	13706 	666,6 	 	สร 	
04.2022 	198349 	1590036 	900 	 	สร 	
04.2022 	198349 	203631 	1260 	 	สร 	
04.2022 	198349 	195107 	1440 	 	สร 	
04.2022 	198349 	1671320 	170 	 	สร 	
04.2022 	198349 	17424 	3230 	 	สร 	
04.2022 	198349 	1685732 	170 	 	สร 	
04.2022 	198349 	1705116 	351,52 	 	สร 	
04.2022 	198349 	1522823 	36 	 	สร 	
04.2022 	198349 	1605488 	754,4 	 	สร 	
04.2022 	198349 	1527408 	220 	 	สร 	
04.2022 	198349 	187770 	690 	 	สร 	
04.2022 	198349 	157578 	1575 	 	สร 	
04.2022 	198349 	1605208 	1360 	 	สร 	
04.2022 	198349 	1794946 	9423,44 	 	สร 	
04.2022 	198349 	1672981 	1020 	 	สร 	
04.2022 	198349 	172787 	360 	 	สร 	
04.2022 	198349 	203957 	6480 	 	สร 	
04.2022 	198349 	182679 	370 	 	สร 	
04.2022 	198349 	3037906 	720 	 	สร 	
04.2022 	198349 	3030946 	1190 	 	สร 	
04.2022 	198349 	186607 	390,336 	 	สร 	
04.2022 	198349 	1968 	925 	 	สร 	
04.2022 	198349 	3034009 	700 	 	สร 	
04.2022 	198349 	1670489 	324,384 	 	สร 	
04.2022 	198349 	3112048 	2844,99 	 	สร 	
04.2022 	198349 	1719099 	5760 	 	สร 	
04.2022 	198349 	3097259 	937,3 	 	สร 	
04.2022 	198349 	1527015 	2860 	 	สร 	
04.2022 	198349 	3005254 	816 	 	สร 	
04.2022 	198349 	1668258 	21,264 	 	สร 	
04.2022 	198349 	1714804 	276 	 	สร 	
04.2022 	198349 	193363 	850 	 	สร 	
04.2022 	198349 	3177186 	2491,2 	 	สร 	
04.2022 	198349 	3177187 	1166,4 	 	สร 	
04.2022 	198349 	3177193 	5659,2 	 	สร 	
04.2022 	198349 	3177194 	547,2 	 	สร 	
04.2022 	198349 	3177195 	1944 	 	สร 	
04.2022 	198349 	3177188 	3888 	 	สร 	
04.2022 	198349 	3095273 	495 	 	สร 	
04.2022 	198349 	3162412 	350 	 	สร 	
04.2022 	198349 	3187560 	107,4 	 	สร 	
04.2022 	198349 	3187552 	17,1 	 	สร 	
04.2022 	198349 	3096169 	600 	 	สร 	
04.2022 	198349 	3187428 	844,8 	 	สร 	
04.2022 	198349 	3186387 	4585 	 	สร 	
04.2022 	198349 	3186193 	360,8 	 	สร 	
04.2022 	198349 	187781 	900 	 	สร 	
04.2022 	198349 	17363 	34,8 	 	สร 	
04.2022 	198349 	3167409 	3,4 	 	สร 	
04.2022 	198349 	3099145 	678,96 	 	สร 	
04.2022 	198349 	3099062 	678,96 	 	สร 	
04.2022 	198349 	3206931 	504 	 	สร 	
04.2022 	198349 	3182220 	801,6 	 	สร 	
04.2022 	198349 	3099045 	5034,96 	 	สร 	
04.2022 	198349 	3206933 	1962 	 	สร 	
04.2022 	198349 	1755381 	900 	 	สร 	
04.2022 	198349 	3180679 	864 	 	สร 	
04.2022 	198349 	3166785 	261,8 	 	สร 	
04.2022 	198349 	3186522 	872,1 	 	สร 	
04.2022 	198349 	193664 	480 	 	สร 	
04.2022 	198349 	3059 	370 	 	สร 	
04.2022 	198349 	19188 	626,4 	 	สร 	
04.2022 	198349 	3237632 	175 	 	สร 	
04.2022 	198349 	11734 	180 	 	สร 	
04.2022 	198349 	3167334 	430,5 	 	สร 	
04.2022 	198349 	3167330 	431,74 	 	สร 	
04.2022 	198349 	3099114 	632,16 	 	สร 	
04.2022 	198349 	3126865 	2400 	 	สร 	
04.2022 	198349 	3162849 	7776 	 	สร 	
04.2022 	198349 	3037288 	175 	 	สร 	
04.2022 	198349 	1683341 	432 	 	สร 	
04.2022 	198349 	3118542 	2720 	 	สร 	
04.2022 	198349 	3099056 	1396,8 	 	สร 	
04.2022 	198349 	3167335 	3022,35 	 	สร 	
04.2022 	198349 	3196516 	370 	 	สร 	
04.2022 	198349 	3212542 	880 	 	สร 	
04.2022 	198349 	1721084 	720 	 	สร 	
04.2022 	198349 	1721009 	10360 	 	สร 	
04.2022 	198349 	1498198 	2491,2 	 	สร 	
04.2022 	198349 	220687 	1440 	 	สร 	
04.2022 	198349 	1722442 	720 	 	สร 	
04.2022 	198349 	3212538 	660 	 	สร 	
04.2022 	198349 	3289611 	175 	 	สร 	
04.2022 	198349 	3052007 	1670,4 	 	สร 	
04.2022 	198349 	1479311 	480 	 	สร 	
04.2022 	198349 	3189071 	132,8 	 	สร 	
04.2022 	198349 	3351571 	830,4 	 	สร 	
04.2022 	198349 	227325 	10260 	 	สร 	
04.2022 	198349 	1646443 	900 	 	สร 	
04.2022 	198349 	3131847 	92,232 	 	สร 	
04.2022 	198349 	1407619 	2700 	 	สร 	
04.2022 	198349 	3341847 	170 	 	สร 	
04.2022 	198349 	3161599 	175 	 	สร 	
04.2022 	198349 	1620696 	1360 	 	สร 	
04.2022 	198349 	3094164 	177,5 	 	สร 	
04.2022 	198349 	19491 	720 	 	สร 	
04.2022 	198349 	3289610 	806,4 	 	สร 	
04.2022 	198349 	3347425 	4465,44 	 	สร 	
04.2022 	198349 	3347427 	624,24 	 	สร 	
04.2022 	198349 	3162848 	4320 	 	สร 	
04.2022 	198349 	3189410 	52,5 	 	สร 	
03.04.2022 	198349 	212621 	720 	 	สร 	
03.04.2022 	198349 	193127 	1360 	 	สร 	
03.04.2022 	198349 	132611 	1440 	 	สร 	
03.04.2022 	198349 	13118 	39,6 	 	สร 	
03.04.2022 	198349 	1338805 	1365 	 	สร 	
03.04.2022 	198349 	1338294 	2293,2 	 	สร 	
03.04.2022 	198349 	1339420 	5460 	 	สร 	
03.04.2022 	198349 	1338295 	4127,76 	 	สร 	
03.04.2022 	198349 	227384 	660 	 	สร 	
03.04.2022 	198349 	227390 	660 	 	สร 	
03.04.2022 	198349 	227373 	600 	 	สร 	
04.04.2022 	198349 	1338805 	1365 	 	สร 	
04.04.2022 	198349 	227387 	1800 	 	สร 	
04.04.2022 	198349 	227384 	2640 	 	สร 	
04.04.2022 	198349 	227385 	2640 	 	สร 	
04.04.2022 	198349 	227390 	5280 	 	สร 	
04.04.2022 	198349 	1390004 	2347,92 	 	สร 	
06.04.2022 	198349 	135345 	560 	 	สร 	
06.04.2022 	198349 	227384 	1980 	 	สร 	
06.04.2022 	198349 	227390 	1980 	 	สร 	
06.04.2022 	198349 	227389 	2640 	 	สร 	
06.04.2022 	198349 	1390003 	2869,68 	 	สร 	
06.04.2022 	198349 	1390004 	3130,56 	 	สร 	
07.04.2022 	198349 	1339420 	6825 	 	สร 	
07.04.2022 	198349 	1338295 	6879,6 	 	สร 	
11.04.2022 	198349 	227386 	1665 	 	สร 	
11.04.2022 	198349 	227384 	3300 	 	สร 	
11.04.2022 	198349 	227391 	5040 	 	สร 	
11.04.2022 	198349 	227390 	3300 	 	สร 	
11.04.2022 	198349 	1390003 	2869,68 	 	สร 	
11.04.2022 	198349 	3099319 	2100 	 	สร 	
11.04.2022 	198349 	157569 	2100 	 	สร 	
11.04.2022 	198349 	1454963 	4,8 	 	สร 	
11.04.2022 	198349 	3181974 	90 	 	สร 	
12.04.2022 	198349 	227385 	11440 	 	สร 	
12.04.2022 	198349 	227389 	5280 	 	สร 	
12.04.2022 	198349 	158276 	850 	 	สร 	
12.04.2022 	198349 	205928 	170 	 	สร 	
12.04.2022 	198349 	212621 	10800 	 	สร 	
12.04.2022 	198349 	203936 	2160 	 	สร 	
12.04.2022 	198349 	132622 	2220 	 	สร 	
12.04.2022 	198349 	220687 	1440 	 	สร 	
17.04.2022 	198349 	227381 	3520 	 	สร 	
17.04.2022 	198349 	3214760 	720 	 	สร 	
17.04.2022 	198349 	1338805 	910 	 	สร 	
17.04.2022 	198349 	1339420 	4550 	 	สร 	
17.04.2022 	198349 	227385 	3520 	 	สร 	
17.04.2022 	198349 	227392 	1200 	 	สร 	
17.04.2022 	198349 	3214752 	180 	 	สร 	
17.04.2022 	198349 	1390004 	1565,28 	 	สร 	