04.2022	119388	3088669	61808,400		สร
04.2022	119388	3162412	4900,000		สร
04.2022	119388	1629494	900,000		สร
04.2022	119388	220687	3060,000		สร
04.2022	119388	3405035	2975,000		สร
04.2022	119388	1483278	11340,000		สร
04.2022	119388	1719099	12420,000		สร
04.2022	119388	3037288	6825,000		สร
04.2022	119388	3405038	4725,000		สร
04.2022	119388	3405033	6825,000		สร
04.2022	119388	1590036	39240,000		สร
04.2022	119388	3405032	7350,000		สร
04.2022	119388	190524	3420,000		สร
04.2022	119388	1779449	540,000		สร
04.2022	119388	210847	10980,000		สร
04.2022	119388	3253584	1440,000		สร
04.2022	119388	3253589	1260,000		สร
04.2022	119388	11631	1110,000		สร
04.2022	119388	18472	5220,000		สร
04.2022	119388	18467	740,000		สร
04.2022	119388	18477	20535,000		สร
04.2022	119388	149042	80475,000		สร
04.2022	119388	149045	2590,000		สร
04.2022	119388	149055	7400,000		สร
04.2022	119388	149053	5920,000		สร
04.2022	119388	149043	39775,000		สร
04.2022	119388	224741	12765,000		สร
04.2022	119388	18329	2035,000		สร
04.2022	119388	195506	4995,000		สร
04.2022	119388	18311	1665,000		สร
04.2022	119388	18331	925,000		สร
04.2022	119388	1715079	1850,000		สร
04.2022	119388	3253300	6845,000		สร
04.2022	119388	212621	27720,000		สร
04.2022	119388	3229726	1400,000		สร
04.2022	119388	3028766	10980,000		สร
04.2022	119388	3126692	350,000		สร
04.2022	119388	3127009	555,000		สร
04.2022	119388	17722	2220,000		สร
04.2022	119388	227380	555,000		สร
04.2022	119388	3196516	370,000		สร
04.2022	119388	1499055	3060,000		สร
04.2022	119388	216002	25160,000		สร
04.2022	119388	1489467	11520,000		สร
04.2022	119388	133058	4320,000		สร
04.2022	119388	3414122	26075,000		สร
04.2022	119388	1717057	9900,000		สร
04.2022	119388	209738	13320,000		สร
04.2022	119388	3054902	10351,200		สร
04.2022	119388	3161599	9450,000		สร
04.2022	119388	1590044	720,000		สร
04.2022	119388	1495990	10880,000		สร
04.2022	119388	1501757	680,000		สร
04.2022	119388	1495988	12240,000		สร
04.2022	119388	3162401	1800,000		สร
04.2022	119388	147725	72000,000		สร
04.2022	119388	147727	4860,000		สร
04.2022	119388	147726	100800,000		สร
04.2022	119388	1658402	18000,000		สร
04.2022	119388	1468423	25740,000		สร
04.2022	119388	1469246	2520,000		สร
04.2022	119388	1489469	9180,000		สร
04.2022	119388	1536766	12750,000		สร
04.2022	119388	147941	42330,000		สร
04.2022	119388	147737	28900,000		สร
04.2022	119388	3240110	4200,000		สร
04.2022	119388	1611811	510,000		สร
04.2022	119388	158267	1870,000		สร
04.2022	119388	158269	5610,000		สร
04.2022	119388	158276	5440,000		สร
04.2022	119388	1644702	4500,000		สร
04.2022	119388	158263	1080,000		สร
04.2022	119388	3141839	170,000		สร
04.2022	119388	205928	170,000		สร
04.2022	119388	3241264	1020,000		สร
04.2022	119388	1642514	680,000		สร
04.2022	119388	1642515	1530,000		สร
04.2022	119388	1562846	5440,000		สร
04.2022	119388	3132623	1020,000		สร
04.2022	119388	3041366	7480,000		สร
04.2022	119388	3289611	700,000		สร
04.2022	119388	203936	12960,000		สร
04.2022	119388	203951	43020,000		สร
04.2022	119388	3194038	18699,200		สร
04.2022	119388	203955	22140,000		สร
04.2022	119388	3194041	48400,800		สร
04.2022	119388	3095273	4950,000		สร
04.2022	119388	201198	23630,000		สร
04.2022	119388	193148	33320,000		สร
04.2022	119388	193127	16150,000		สร
04.2022	119388	3099319	49700,000		สร
04.2022	119388	3094164	2662,500		สร
04.2022	119388	195107	4140,000		สร
04.2022	119388	1406288	11700,000		สร
04.2022	119388	1599731	1260,000		สร
04.2022	119388	199904	1260,000		สร
04.2022	119388	199911	1440,000		สร
04.2022	119388	199917	4320,000		สร
04.2022	119388	3153822	3060,000		สร
04.2022	119388	3154219	5600,000		สร
04.2022	119388	203631	49860,000		สร
04.2022	119388	203912	3700,000		สร
04.2022	119388	203931	1440,000		สร
04.2022	119388	3141957	18020,000		สร
04.2022	119388	3141887	22440,000		สร
04.2022	119388	1495994	1360,000		สร
04.2022	119388	1620696	3060,000		สร
04.2022	119388	3204311	8460,000		สร
04.2022	119388	1623014	4140,000		สร
04.2022	119388	1560666	6120,000		สร
04.2022	119388	1560668	6300,000		สร
04.2022	119388	1560669	185,000		สร
04.2022	119388	1532043	740,000		สร
04.2022	119388	132617	1110,000		สร
04.2022	119388	205910	680,000		สร
04.2022	119388	1599727	680,000		สร
04.2022	119388	3030946	680,000		สร
04.2022	119388	172788	21060,000		สร
04.2022	119388	3037906	22140,000		สร
04.2022	119388	3300040	540,000		สร
04.2022	119388	3160688	1080,000		สร
04.2022	119388	3160695	1080,000		สร
04.2022	119388	3188237	3675,000		สร
04.2022	119388	3045245	1870,000		สร
04.2022	119388	3045815	1020,000		สร
04.2022	119388	3045809	1360,000		สร
04.2022	119388	3045810	1190,000		สร
04.2022	119388	3266098	525,000		สร
04.2022	119388	185962	7380,000		สร
04.2022	119388	187434	555,000		สร
04.2022	119388	1676052	7380,000		สร
04.2022	119388	132612	1620,000		สร
04.2022	119388	132611	1260,000		สร
04.2022	119388	132610	180,000		สร
04.2022	119388	132622	7030,000		สร
04.2022	119388	143936	16280,000		สร
04.2022	119388	1742791	3910,000		สร
04.2022	119388	1782601	3060,000		สร
04.2022	119388	1719434	5940,000		สร
04.2022	119388	1742796	2960,000		สร
04.2022	119388	3127499	3230,000		สร
04.2022	119388	3144357	1260,000		สร
04.2022	119388	3144672	1800,000		สร
04.2022	119388	3240398	15300,000		สร
04.2022	119388	3240642	60180,000		สร
04.2022	119388	3240644	161100,000		สร
04.2022	119388	3240646	68760,000		สร
04.2022	119388	3240656	6660,000		สร
04.2022	119388	3240660	89280,000		สร
04.2022	119388	3240893	170,000		สร
04.2022	119388	149046	850,000		สร
04.2022	119388	3101235	8500,000		สร
04.2022	119388	3199008	850,000		สร
04.2022	119388	3294020	15300,000		สร
04.2022	119388	3253301	7650,000		สร
04.2022	119388	1461896	11050,000		สร
04.2022	119388	3146926	1700,000		สร
04.2022	119388	3226549	1600,000		สร
04.2022	119388	1642519	1700,000		สร
04.2022	119388	1642520	755,000		สร
04.2022	119388	1766860	450,000		สร
04.2022	119388	3126681	17,600		สร
04.2022	119388	3126691	170,000		สร
04.2022	119388	3127008	1502,300		สร
04.2022	119388	1632333	17,000		สร
04.2022	119388	3052069	344,000		สร
04.2022	119388	3186522	666,900		สร
04.2022	119388	3186380	469,800		สร
04.2022	119388	1558855	204,000		สร
04.2022	119388	3186387	3027,500		สร
04.2022	119388	3187433	70,400		สร
04.2022	119388	3187451	3675,000		สร
04.2022	119388	3126677	682,500		สร
04.2022	119388	3187552	530,100		สร
04.2022	119388	3187549	831,900		สร
04.2022	119388	1640264	17,000		สร
04.2022	119388	1637635	34,000		สร
04.2022	119388	3186530	747,600		สร
04.2022	119388	3187561	216,000		สร
04.2022	119388	3189072	4780,800		สร
04.2022	119388	3132749	189,200		สร
04.2022	119388	3049914	2100,000		สร
04.2022	119388	2256	4320,000		สร
04.2022	119388	1792587	555,960		สร
04.2022	119388	3186193	721,600		สร
04.2022	119388	1559874	2160,000		สร
04.2022	119388	1683353	720,000		สร
04.2022	119388	1755295	2880,000		สร
04.2022	119388	1527410	220,000		สร
04.2022	119388	3418218	3302,550		สร
04.2022	119388	18711	2671,200		สร
04.2022	119388	18790	1020,000		สร
04.2022	119388	182672	170,000		สร
04.2022	119388	19106	1800,000		สร
04.2022	119388	19126	170,000		สร
04.2022	119388	18114	1800,000		สร
04.2022	119388	19154	170,000		สร
04.2022	119388	19142	1190,000		สร
04.2022	119388	17799	1800,000		สร
04.2022	119388	19117	1620,000		สร
04.2022	119388	18819	340,000		สร
04.2022	119388	18804	7650,000		สร
04.2022	119388	17821	360,000		สร
04.2022	119388	187548	360,000		สร
04.2022	119388	187682	540,000		สร
04.2022	119388	18107	360,000		สร
04.2022	119388	1588204	15300,000		สร
04.2022	119388	13716	3600,000		สร
04.2022	119388	1449144	680,000		สร
04.2022	119388	18747	2210,000		สร
04.2022	119388	18742	1870,000		สร
04.2022	119388	18721	170,000		สร
04.2022	119388	3344790	2889,680		สร
04.2022	119388	1599658	753,600		สร
04.2022	119388	1794946	181,220		สร
04.2022	119388	1454960	18,000		สร
04.2022	119388	1454963	2,400		สร
04.2022	119388	1338295	4,550		สร
04.2022	119388	3237889	303,116		สร
04.2022	119388	17800	648,000		สร
04.2022	119388	13105	388,800		สร
04.2022	119388	202069	345,600		สร
04.2022	119388	185985	180,000		สร
04.2022	119388	187547	403,200		สร
04.2022	119388	187747	144,000		สร
04.2022	119388	187758	1,600		สร
04.2022	119388	17411	648,000		สร
04.2022	119388	13103	140,400		สร
04.2022	119388	17832	648,000		สร
04.2022	119388	187716	403,200		สร
04.2022	119388	13691	648,000		สร
04.2022	119388	18758	36,000		สร
04.2022	119388	187745	18,000		สร
04.2022	119388	187718	91,200		สร
04.2022	119388	18723	126,000		สร
04.2022	119388	18797	28,800		สร
04.2022	119388	13118	172,800		สร
04.2022	119388	13120	14,400		สร
04.2022	119388	19556	202,008		สร
04.2022	119388	202015	46,800		สร
04.2022	119388	202014	324,000		สร
04.2022	119388	19098	172,800		สร
03.04.2022	119388	210847	68580,000		สร
03.04.2022	119388	193127	40120,000		สร
03.04.2022	119388	203951	30240,000		สร
03.04.2022	119388	203899	26640,000		สร
03.04.2022	119388	3099319	9800,000		สร
03.04.2022	119388	18760	1440,000		สร
03.04.2022	119388	18718	340,000		สร
03.04.2022	119388	18771	1360,000		สร
03.04.2022	119388	18790	3910,000		สร
03.04.2022	119388	18721	170,000		สร
03.04.2022	119388	18711	8013,600		สร
03.04.2022	119388	1755295	1440,000		สร
03.04.2022	119388	1372285	2,000		สร
03.04.2022	119388	3095768	2,000		สร
03.04.2022	119388	1372283	2,000		สร
03.04.2022	119388	3167409	10,200		สร
04.04.2022	119388	203899	83160,000		สร
04.04.2022	119388	3099319	6650,000		สร
04.04.2022	119388	3186390	3321,600		สร
04.04.2022	119388	193127	20400,000		สร
04.04.2022	119388	132619	35705,000		สร
04.04.2022	119388	132614	2520,000		สร
04.04.2022	119388	3253584	12240,000		สร
05.04.2022	119388	3253584	8100,000		สร
05.04.2022	119388	132619	23495,000		สร
05.04.2022	119388	3186522	10670,400		สร
05.04.2022	119388	209738	79200,000		สร
05.04.2022	119388	193127	9180,000		สร
05.04.2022	119388	147941	14960,000		สร
05.04.2022	119388	203951	10260,000		สร
05.04.2022	119388	203955	9900,000		สร
05.04.2022	119388	212621	18000,000		สร
06.04.2022	119388	212621	57780,000		สร
06.04.2022	119388	3187431	4176,000		สร
06.04.2022	119388	132615	2880,000		สร
06.04.2022	119388	147941	15300,000		สร
06.04.2022	119388	1605208	15300,000		สร
06.04.2022	119388	3184781	4575,200		สร
06.04.2022	119388	132622	28120,000		สร
06.04.2022	119388	220687	40320,000		สร
07.04.2022	119388	220687	23760,000		สร
07.04.2022	119388	3052007	5011,200		สร
07.04.2022	119388	149045	18870,000		สร
07.04.2022	119388	147737	35700,000		สร
07.04.2022	119388	132622	7400,000		สร
07.04.2022	119388	1590036	40320,000		สร
07.04.2022	119388	3093025	9350,000		สร
08.04.2022	119388	1590036	7200,000		สร
08.04.2022	119388	147737	26690,000		สร
08.04.2022	119388	3187428	3379,200		สร
08.04.2022	119388	132617	2775,000		สร
08.04.2022	119388	3414122	19425,000		สร
08.04.2022	119388	3255803	1152,000		สร
08.04.2022	119388	3177221	5100,000		สร
08.04.2022	119388	1463429	34850,000		สร
08.04.2022	119388	209738	10080,000		สร
09.04.2022	119388	209738	68220,000		สร
09.04.2022	119388	132615	7380,000		สร
09.04.2022	119388	3188039	2548,800		สร
09.04.2022	119388	147737	60520,000		สร
09.04.2022	119388	132610	21420,000		สร
09.04.2022	119388	147725	5760,000		สร
10.04.2022	119388	132610	8100,000		สร
10.04.2022	119388	147725	89280,000		สร
10.04.2022	119388	3141887	10880,000		สร
10.04.2022	119388	132612	9900,000		สร
10.04.2022	119388	147737	20060,000		สร
10.04.2022	119388	199480	17000,000		สร
11.04.2022	119388	3129165	7920,000		สร
11.04.2022	119388	3124196	432,000		สร
11.04.2022	119388	147725	29520,000		สร
11.04.2022	119388	3186531	907,800		สร
11.04.2022	119388	132610	14220,000		สร
11.04.2022	119388	3197230	4375,000		สร
11.04.2022	119388	1646443	28980,000		สร
11.04.2022	119388	147737	-170,000		สร
11.04.2022	119388	199480	17850,000		สร
11.04.2022	119388	1489470	34000,000		สร
11.04.2022	119388	1489471	10200,000		สร
12.04.2022	119388	1489471	17000,000		สร
12.04.2022	119388	147737	39780,000		สร
12.04.2022	119388	1469246	2520,000		สร
12.04.2022	119388	147725	35280,000		สร
12.04.2022	119388	1468423	1620,000		สร
12.04.2022	119388	1495990	14790,000		สร
12.04.2022	119388	205916	9990,000		สร
12.04.2022	119388	149077	19550,000		สร
12.04.2022	119388	149043	925,000		สร
12.04.2022	119388	195507	11100,000		สร
13.04.2022	119388	3030946	34850,000		สร
13.04.2022	119388	140211	22200,000		สร
13.04.2022	119388	3187552	4924,800		สร
13.04.2022	119388	210847	41760,000		สร
13.04.2022	119388	195507	9250,000		สร
13.04.2022	119388	147726	19440,000		สร
14.04.2022	119388	210847	30420,000		สร
14.04.2022	119388	1495988	30240,000		สร
14.04.2022	119388	18331	19795,000		สร
14.04.2022	119388	1468423	29520,000		สร
14.04.2022	119388	1642514	9520,000		สร
14.04.2022	119388	193127	30430,000		สร
15.04.2022	119388	1468423	39960,000		สร
15.04.2022	119388	193127	26350,000		สร
15.04.2022	119388	3186522	3283,200		สร
15.04.2022	119388	193148	2040,000		สร
15.04.2022	119388	132615	15300,000		สร
15.04.2022	119388	3386068	29580,000		สร
15.04.2022	119388	203936	9360,000		สร
15.04.2022	119388	1599731	11160,000		สร
16.04.2022	119388	1599731	18000,000		สร
16.04.2022	119388	193127	20740,000		สร
16.04.2022	119388	3253301	48450,000		สร
16.04.2022	119388	1560670	9805,000		สร
16.04.2022	119388	3240656	540,000		สร
16.04.2022	119388	3253300	925,000		สร
16.04.2022	119388	1590036	40320,000		สร
16.04.2022	119388	203936	10080,000		สร
16.04.2022	119388	3099319	15400,000		สร
16.04.2022	119388	3186390	4152,000		สร
17.04.2022	119388	1590036	9000,000		สร
17.04.2022	119388	3186380	5846,400		สร
17.04.2022	119388	149043	39775,000		สร
17.04.2022	119388	194457	20400,000		สร
17.04.2022	119388	220687	31680,000		สร
17.04.2022	119388	1642514	10030,000		สร
17.04.2022	119388	203951	9720,000		สร
17.04.2022	119388	3141887	19890,000		สร
17.04.2022	119388	3052007	3340,800		สร